1000
241833601
155176849
288354361
53920291
41899729
4385999
48455521
180530719
3733073
40212691
20261561
42093803
254168539
21349753
177129481
58794733
34894637
147792649
69908099
34562641
267289801
5692579
9974813
465378541
76615009
57410929
7741609
296091379
4330561
10782703
104267767
112508449
95043001
98982601
336392281
74459641
17280649
313750369
11895601
116825147
12954623
742573
1203409
69372241
186770977
172948801
824964601
46348301
53743561
351649
229606669
22616663
276590161
229855921
140269903
149227847
56957209
118311257
68740681
115762883
6139501
92191081
305655289
176344801
197652199
22699297
245956489
152244409
13980121
303107423
131997121
83036431
312193561
982119659
36343211
166848889
168558289
10532153
293676769
99383527
127710101
178915063
1666681
272047429
65983129
224490289
34445161
53910853
107937397
6732923
292170649
384512881
214827649
48719459
121768799
16638241
101989801
12731269
70904887
922461347
65564503
330548761
186049057
145828801
137616361
216571759
3109357
15493339
123899161
6355441
396527569
209120521
80839001
7134241
6092381
26181011
51592573
330112561
27773747
14356757
41229241
103042801
14761843
11296321
184334929
3059599
34107361
175324081
385266407
144589787
530083
31794691
71689169
192179761
187350113
19562929
1
440829073
11095561
3604343
6590761
24339319
39325441
41615401
62684317
309091561
245580241
6838999
66810019
377408329
206985769
243001153
24671089
72982849
267944161
249189359
142187447
205528537
142539721
21613201
19362047
89094721
23849363
5251033
37041071
3003289
131583841
246340541
22287841
7778521
184985239
98035127
305445529
16083211
60814207
323604121
239413729
123587689
112296409
15537253
271441
863041
128346241
397483969
269649241
179051161
240033049
270701209
239042521
14711519
383161
147279593
2304083
170119849
9066121
68773849
5061701
93103201
303351889
68675027
53421337
5082689
11950193
163353961
114220033
47018449
175801081
8561521
274151453
77302063
218194349
1083347
3193369
26925721
191433643
77572097
341653913
225034793
252310211
39129373
133425601
14973479
100781521
48539089
15292643
223765757
151314601
885481
253414561
29764589
180525871
122827469
5200619
70876511
264160009
58177921
84747029
47183161
58354321
2322751
11363641
109390681
222330763
113385409
234304249
111531779
334414369
201554809
98465929
203962723
8703017
91304431
247464361
15358561
306512417
2993833
270043489
183450727
194646467
127365383
49182169
177875569
206468161
84400969
7856809
12918541
11485801
301780417
734449
207907561
14417209
277669921
38265569
271491529
97763779
7458361
350043167
340439401
120815759
3995003
112504879
273207841
14608543
31773359
365661077
286142477
180647053
9704999
39971875
79257407
69318101
15124321
9645431
52346617
341547361
221098807
2943901
157427209
36611831
14280841
192571129
162894169
1055669
373223761
141749963
17636207
20857489
2093809
230219929
3438499
259564321
400546687
62837329
14156851
75498721
118570321
5682601
98521373
12020089
10045393
29540659
12098039
43520173
115232281
78092569
157226521
47844889
2399401
2200733
170936813
175006441
829921
9480241
15547249
118157927
195972001
14615329
17315423
27818143
1612343
12610063
496864
71351809
361038001
21893041
30327049
88981489
106729561
5244689
6020863
107622407
160098409
175536001
86694721
289374121
339996721
117781747
20187049
72945841
4456321
41096513
388760089
9747937
9583993
281030741
183251443
38105929
55959217
2700053
84797737
194072761
95875513
182601169
370524001
16815287
87709267
27038987
56930009
8831437
173791489
189041569
73053373
59906227
19775809
302794801
6806881
80478841
61105489
61742117
95394289
954529
2551271
144889369
278589481
231993947
8531843
332077729
130079143
224070961
147848851
39905863
242767561
57501889
31147561
31888609
186096349
12330187
167935681
134705941
3094081
194965369
44909321
600327333
77647987
52100201
173633329
11998313
149793121
58813561
43299577
56235001
381928849
205095821
62501287
63186601
376894747
37369489
34879127
34140649
62919833
7507237
51683803
37736449
81234169
398441521
275495039
59336209
131859289
197993041
49266361
74418143
143860637
1692601
233603761
71585197
45272063
169078009
4005403
31933801
5004169
1190281
24835289
328588129
399640081
218418841
42454261
101868649
369369961
1471549
8743849
3686231
9524971
48260809
47782057
19377053
114337507
116806021
16752649
171688609
86052553
35045083
6762577
177928921
68442529
15147607
119661721
12369289
140730769
173542231
208253761
122426201
22572001
53403193
3018419
12392353
56598643
155725441
63109367
295461721
379119841
378185809
66828347
178883611
76115293
427099
12033961
102046411
3502267
389628121
16104169
91482943
123486973
328298161
59923081
130593413
60109009
94249
390576169
69456053
122522761
132319009
207676921
54007801
60676459
243953161
12439729
805396211
277247701
3135653
200477281
42133081
21963223
20923321
37613689
39226081
41089981
364313569
65990557
64144081
148644019
242829889
19878791
83850649
68783959
77185741
167347051
187498249
248409121
40691641
40462321
126405049
4635409
169364581
127887631
199545659
50708641
186295201
25804501
154579489
92964013
161213809
150724729
254036837
245454889
1760929
159140563
67092481
63218401
264030001
56866681
78419711
132643319
21804599
7219969
33133691
211956637
34210801
115921237
14020907
121141421
813572161
102910319
62108069
357172201
143688169
292156729
14347211
31444333
97495339
33907729
24104669
17471429
311690021
72361
48427681
54263029
55905529
21794029
78146641
22509953
88708799
53825243
844596301
165387499
85589593
47210641
30591961
56495119
222899857
98817431
128480809
65825759
359573941
32316023
44769481
5324089
82065481
2974877
217291231
1067089
1371241
25760507
9294469
131492089
54302161
72891649
3259741
453837697
31423477
252206161
213773641
120406729
305935081
635209
116402521
256046411
39533713
14611951
48311849
7284601
278856601
51998521
289986841
227315929
81224917
221741881
20215469
10297681
65788321
357923
16056049
91466539
335365969
116618401
2957113
154618549
236462071
17081689
18402257
2042041
158535193
11350793
152774267
141692549
186861781
16213913
19779443
26860921
34832521
10029889
346592689
67947049
6115729
146627881
372367153
235560469
2647129
359443681
3531217
11485321
93827633
16736281
11648569
205175473
19545439
39904489
8508889
33396841
234994007
300000203
6953189
81684193
2539057
245060143
117440569
20476583
105855689
17986081
36881329
1902533
40316431
341545277
30672949
22363441
22590539
127396369
4338889
387971809
65399569
96098809
68909761
372065521
108764041
436921
280462009
36566209
105863521
330475571
80335369
375545641
91892557
8048569
167780209
45753641
277455649
2896823
8559757
302516449
150298657
376010881
93977713
331859089
21918373
201601
142253329
193525201
234059401
171882727
15595031
33651601
32137561
276656689
81775849
125745953
67434253
99460729
117961321
6127981
64928923
65070847
162417049
84215539
33547469
80578363
228221449
219839929
299878489
3530641
117917881
290389831
48801871
63412313
61293241
34234201
76804927
26542963
148038251
126096241
11151641
243696493
20380979
223173721
916196711
163984987
112632547
91368971
1104601
37075921
60541673
15138427
46635241
18395521
18722929
122519927
49151363
41678939
32913169
320517409
56987401
30225857
42467573
74425129
7360369
161549813
51729133
7707653
114982729
123059711
12482089
275351509
71631947
83653907
289714441
391762849
90026873
200134009
143588849
166693921
309654409
194128489
103605199
227073971
84695209
72626899
13697401
46335199
13737497
205836409
114211969
223412809
108470027
13401623
98934541
177241
18809569
155575729
225510289
267098771
5422363
328905539
333172009
12187081
10569001
309021241
41594071
41878763
90328963
149499529
6002947
2020349
61883599
211300571
39451267
13111979
314317441
74159053
149035021
105493441
60554437
31820881
68248003
285711409
29178641
35844169
290804809
14600041
75601151
23188871
1691563
237560569
59151481
38505121
34304449
43309561
39980329
332296441
54335087
251507881
36517849
283215241
29604481
49250183
134073241
72305687
9740641
7945901
299047849
331203601
244891201
89851441
57138481
76335169
13935289
160132457
1385821
29365561
284630641
84143929
48762289
108139201
114297481
70526459
1062961
1682209
38642693
56679757
150585343
26542171
72865567
325477681
354455509
203034001
202236841
62615929
36992287
140161921
70040161
27302281
82814201
28663013
66684973
22431037
236882881
1211993
19811401
13239491
29626249
4453633
32161147
86656639
215565011
112635769
366377881
93747191
105247081
22608049
46555297
172160641
5957923
217014779
119880601
195046421
1924613
1100401
277029461
25775929
377175241
124797341
243456397
130321
41063609
23861899
42523441
31069169
99341089
5812921
13535261
17732521
185858689
144264121
44609041
55463711
78127921
109767529
113571649
7823209
192096283
51026117
159849191
136866601
170565599
67246261
4129253
8225887
31013761
60123593
201275311
38163709
7329701
220563209
30459361
1515361
25110121
20910821
46280809
104194033
2920681
31323119
49856503
88529281
97199881
40848139
127667401
156925729
5257849
227738281
128272091
383258929
8974907
53453431
114682681
83302129
41574311
150136009
10850677
67387681
45548837
134490409
358421827
193794241
395651881
217297081
10734043
27321529
308669761
249001
58292683
211906249
122420569
43870847
