100
5851
18743
163
14947
10037
11399
1
14923
11701
9323
1
12097
3511
18313
7247
2819
14197
16381
10201
547
2179
17239
5563
18661
3347
4937
7937
10429
16069
17921
643
6871
15541
6113
4241
17659
17257
5557
7211
9923
15497
16073
15299
9013
16361
16363
1237
5261
1877
19997
1009
4027
14303
7649
16619
15619
283
15289
1973
17359
1613
11119
10151
9049
3851
8069
1601
409
8311
8017
14593
3793
12323
1409
17443
4133
5683
18301
8573
16729
107
1429
9887
6991
1021
4159
1109
577
631
2339
16937
7417
14321
9241
1427
1061
3761
17509
3137
4127
