200
1049
10601
8779
13829
19391
16249
9473
7727
6173
4139
19433
12409
16451
9059
2069
19559
10201
19541
5647
15233
14537
10639
8669
12211
14321
11527
14731
19603
1
2477
3539
3389
1789
4583
13681
3797
10613
19087
5477
613
1877
8269
751
1103
5827
8039
10459
12703
6907
9739
8093
2339
14461
12613
14029
13001
12251
4129
2039
7109
8377
5953
19697
16433
4679
17929
6143
10343
19219
1033
19289
13147
2971
4639
1549
1747
197
4937
443
7853
17957
1423
7639
19583
1453
863
499
2579
8527
14851
9851
18749
3467
7877
4519
4177
14983
5347
8647
1
4603
17189
5003
17909
683
18121
10847
13963
23
2297
17077
3253
11719
15017
6229
1451
4229
839
18077
1721
13523
2437
9859
17971
107
12413
11489
19853
5281
10103
17903
11777
6959
16567
4931
947
14797
12763
8761
2789
2749
11827
12241
1867
5923
4297
1151
12919
9091
11177
6571
12253
191
3527
18289
18379
4691
3323
7549
10247
16963
7541
17387
647
7741
5851
17579
6829
19013
8233
13183
7867
8969
467
6247
1787
8009
5503
5897
10651
3517
14153
3449
8821
3847
419
18439
4637
23906
14887
6983
10163
2689
15289
4349
239
3947
14627
16141
11717
