200
19717
11717
12583
1217
11833
8101
16931
2393
3863
10337
143641
2741
12263
19309
4127
10513
18521
1259
2371
167281
5081
14549
8573
9059
7703
1129
389017
11399
14057
10301
9277
17383
15497
10939
2339
8839
3089
14767
3271
1213
127
7349
13711
14537
17033
5743
1423
9907
8501
8663
5051
17291
6983
5167
14657
3691
16829
2377
1439
11677
13193
14461
19993
9677
6581
22201
15887
19489
2129
896809
6113
4513
17669
15901
10861
11239
15959
8059
5227
3221
9043
3671
17077
2543
923521
6173
17497
6719
19423
18973
19051
15761
17683
7127
19739
12829
12011
5779
4937
2477
14939
3511
8423
16603
19661
16823
10133
17539
19991
4003
19727
12841
14669
18211
357911
6563
16057
8681
8999
18541
3853
5867
19013
17021
2683
18481
19183
17791
4001
17971
19391
13337
982081
14759
223
16091
12373
15749
7759
8293
1987
2423
11083
6653
3083
19457
461
10937
13709
8581
18127
1223
827
8161
12703
2473
4363
13063
18289
19583
7723
18713
3491
11887
15733
563
18061
16103
13043
19609
5821
12049
12043
10427
7121
9463
14423
18959
14831
7193
19379
11173
9137
5407
5639
4993
8867
16763
18773
8941
10259
12379
18917
4231
6211
7487
13003
841
2099
7243
