500
18541
113569
9341
4603
13043
17713
4517
11287
18131
36481
1433
6569
9803
13627
6977
12979
1619
12097
19273
4127
4703
16433
10211
18869
2729
4877
14827
7753
14281
15193
9901
16267
1823
18797
8447
16823
17161
38809
9697
19319
11411
2917
292681
15773
9439
3037
5503
7717
18233
1567
9431
10433
4259
12919
10193
11821
418609
5953
10567
1609
2131
347
3529
4217
26569
2687
7757
10691
748151
16943
3253
1423
4297
5419
7577
9419
8731
523449
16333
6619
3671
12329
2029
15277
8669
12781
7283
4133
16477
4273
4373
5189
1223
4139
9907
6173
8839
17657
5869
615191
5839
15307
12703
15107
3767
537289
3191
9859
11579
4801
11087
5507
10037
8269
8837
2531
608879
6449
16759
6029
5167
11633
4831
143641
6827
9001
11863
4999
4423
12301
18043
15493
436921
11779
14947
3137
19531
10861
3581
4889
13931
7547
8171
344569
10007
1549
19559
14767
1667
6869
9929
16481
14009
19759
17207
11681
17159
3593
4583
19543
1409
10247
19717
6323
4993
18077
139129
12641
13999
19423
5081
2339
17747
8069
13331
13463
13577
13151
6967
12451
2377
16729
5783
9043
14243
17827
13469
9377
3547
9623
15727
14533
17123
18617
8291
9473
3943
11503
16937
2477
6451
1217
3169
13711
1559
8293
10427
3491
825599
3301
2851
13523
2617
17341
523
1153
4493
619369
4243
1193
7507
6917
5441
4363
6073
19427
19501
10151
14449
9161
11003
10937
3659
3359
5147
5179
15647
13229
673
4513
2749
4733
14143
9203
4729
10501
17189
18379
18443
11239
17491
16831
3929
7549
5021
19687
5413
12473
811
7937
8663
17729
6163
7393
16097
3709
11483
14479
3049
18041
8273
3229
7681
17387
16253
14627
19163
19927
3163
4049
1933
5897
12007
13451
2621
4973
13441
13291
11789
643
8761
946907
3469
10289
2083
7499
8329
13009
6637
10391
2221
3461
7013
19997
12941
12983
7691
3919
2593
10457
6271
4441
18793
9551
6007
8317
4391
10831
11807
18451
2857
9733
13339
1331
15661
12841
5209
4813
19571
19727
7213
10321
16829
19237
7993
12161
3889
3541
6199
18301
4937
11813
2927
13669
14071
14813
1913
15227
3691
8893
12763
12203
8263
8999
3613
8101
1097
5417
4721
6287
6521
16903
19141
5171
14431
17707
18169
3517
2579
5051
8527
3167
3119
4013
17497
18061
17981
9067
18773
19309
11617
8933
5437
4549
18133
1699
19507
9241
14389
13159
997
9619
1681
7873
2819
11657
271441
6359
6899
4547
5011
6131
12143
13367
12289
8161
4253
727609
751
15787
8887
18749
7879
15091
8821
579827
19433
707281
2137
4933
10337
13007
179
10093
12821
10753
16103
3631
12743
134689
1181
17041
4129
1931
6857
17383
17761
16487
18313
14519
111433
466489
16349
7057
4759
10271
10301
16067
5861
6247
1873
9413
19037
7591
1447
13477
7541
265777
757
16871
15817
601
12277
896809
6317
11941
8963
6661
9721
12583
5573
9839
9337
17321
4987
12119
14851
4271
3347
4621
15187
8783
2969
4789
3089
8297
4651
11027
16981
18539
6197
19697
17659
6151
12659
9677
15907
19081
9227
13063
