1000
15803
7039
2593
15373
9001
1997
3061
19403
14629
2699
12301
1753
4831
1181
5003
6577
10463
2837
19249
744769
5281
18457
11887
1487
11197
7057
5399
7687
10093
9941
5503
13931
8677
14759
9059
218089
13553
16319
1361
1021
8969
19937
8923
4721
17327
13721
929
15227
502681
16057
1499
6967
18121
12113
27889
5171
12143
13807
11731
11177
32041
19973
6269
6529
538947
6911
668917
13679
827
1019
4409
14813
2437
8389
5651
205379
15901
2851
2243
16673
5701
14557
14387
14447
1103
13451
10273
1093
73441
1811
17863
193267
6029
17053
7699
9377
9859
4967
6263
15149
8941
3491
12253
15731
5807
19717
10477
13127
5333
15581
8731
7703
6101
3313
19507
241
6551
6247
8807
8269
17573
16883
9613
4019
11677
19379
3889
18049
5413
19087
6599
16741
19457
19483
14867
16931
17191
11987
17123
2473
7949
4421
10337
4583
6277
18097
7673
4549
17011
6113
5953
8963
4297
5647
5843
3167
8117
9431
6673
12823
15329
13691
7723
4423
2927
7411
13267
6389
683
2939
8161
6737
11383
2689
5861
4889
15649
3001
2539
5051
19163
13729
17509
2971
15319
4987
15443
2663
16451
779689
3571
3529
192137
10259
4691
17239
7879
17519
5743
16903
13249
2053
10177
19211
16141
15427
8669
2089
16267
12799
15679
9511
5309
11969
11897
1229
11447
14699
11057
19427
13567
8191
3719
4111
571787
13913
6007
14033
4657
11069
4621
7691
10597
5023
10457
2887
17299
1879
1031
12251
8059
1907
8377
18307
10909
2477
3557
16217
18539
6143
433
2113
19183
10531
8849
11743
10903
3659
11311
10529
18229
2339
4327
619
13421
17903
1993
1481
1931
9439
5227
19777
12541
6133
12601
4079
6451
15907
17107
17659
18701
6619
17341
4441
9421
17417
13789
201601
14657
4219
7237
18301
13687
7759
19289
13331
11437
11299
269233
15923
16097
9133
31103
1013
11059
14639
13339
14591
5657
15053
9721
17939
12107
7001
4091
298499
15139
19429
4663
15683
16069
3631
14173
7457
3181
5519
6079
6569
1801
4937
121801
16927
2753
13001
6791
12497
9479
12941
2731
2819
563
16493
9203
19259
14419
10487
18637
2269
8353
19273
2099
3947
16253
16871
9433
1193
14741
18427
3407
3463
15187
196249
3671
8387
1187
4217
607
7993
5011
1933
13933
19489
5231
9973
12373
4057
10037
10181
8447
11117
71989
13633
3373
15161
2521
14149
10723
15643
6469
18191
12277
6703
1453
4931
9349
1327
7121
19609
10201
4051
15767
2143
3037
16993
8803
5179
10459
1619
10847
18257
6829
4211
7507
10103
2693
137
6659
4783
17827
10667
16607
19501
11551
1223
4759
19009
17209
593
3541
3391
1669
13487
11027
17789
5153
6947
15991
18541
1973
14827
13297
6311
36481
14713
6257
2857
17033
6421
10771
15641
19051
7717
11839
4391
15173
1277
2657
13151
2579
8053
19861
7219
1787
3449
19531
16229
2297
18131
12613
19381
12289
5711
14767
10067
8089
3697
3163
19477
13577
2207
12809
4591
9419
12893
11369
15313
18481
9767
3323
18917
1289
226981
9719
1741
12347
357911
15307
877969
17099
15671
7229
5689
19441
18773
8537
13241
8999
17981
12149
2767
5197
367
11827
3019
19423
5147
18217
2083
19681
18521
3923
300457
1543
18919
5021
14303
597529
439
13781
3617
426409
8179
7043
5693
4159
1151
18287
9281
7757
409
1721
13313
6011
7549
18379
811
12959
12757
1871
4637
32761
16433
9929
844561
1439
10987
9857
10079
15091
16567
10169
4919
10151
461
11801
5347
15551
4073
17707
2203
9787
8429
5323
7283
4751
10957
9769
703921
5813
15569
7027
16103
13831
19073
326041
7933
3989
4799
10139
14939
11287
4787
11719
16763
11467
4013
15787
1447
7151
13903
14369
2221
1789
9643
1091
2969
15541
15467
17383
12511
3511
739
214369
2879
5749
1033
7333
6823
6359
10613
3137
6907
12323
13477
17783
6733
7529
15647
5441
253009
8689
18061
1913
13381
829921
211
5113
3607
14159
8171
16603
8221
16829
3533
14771
1213
16369
4951
15233
4651
8273
1051
11783
2039
4943
6037
17137
7349
208849
18371
12239
8147
4253
6481
14923
257
8009
19841
18211
103823
18583
3637
7019
7297
2749
18047
4283
2213
3343
2999
15971
7207
12671
50653
19309
10657
8831
18797
12073
6949
3457
2081
822649
17291
7193
4003
3109
16547
13043
1693
1613
6983
12479
13217
13147
14737
7877
3067
31733
14779
11527
7741
6151
1831
18269
19421
4451
6473
1039
2791
97969
2237
1373
13751
12343
7129
10691
1427
12401
3559
17449
9239
1747
8693
19543
18911
11251
14593
9371
13619
7321
4649
15527
1069
16067
4289
10831
16747
19891
19697
8887
292681
9013
9151
5927
13009
17029
6547
3593
2621
17683
12451
12049
4139
17911
1949
11939
11927
18899
17351
15287
14821
8599
19843
9833
17681
17627
4493
5659
2029
14683
15413
22201
19121
6653
16831
15217
18181
18313
6959
17957
2011
10711
7109
6491
17623
11093
19709
16943
9199
3863
11411
11503
10663
10061
2861
18757
9127
13007
9689
982081
11113
9209
16879
11351
323761
14753
5939
13259
809
8681
3079
433243
4357
2503
3461
7583
4093
1087
271408
13003
10837
16921
10193
11953
15601
13921
2293
19081
8707
16129
9293
31241
4127
13469
12437
12703
13183
8861
52441
9901
5987
296327
17959
3851
12889
7789
19031
14143
1699
15289
269
7753
5821
5531
13901
16139
4457
12713
11443
15727
17471
577
16477
9631
8779
10399
9587
5233
14221
17921
12919
3967
10289
13681
1627
8311
1249
15263
19079
10709
85849
3823
1297
11497
3467
18913
10859
380689
14653
19687
13591
19157
11971
2953
8233
16063
3739
4729
8243
2917
19583
10799
4273
13309
15919
7621
18713
4349
16223
16619
5507
1217
13841
2381
9967
9337
2467
9343
13049
19001
12433
6661
9923
10247
769129
4483
12821
15749
239
12263
3257
7499
12329
11833
6803
15451
2671
177241
10627
12161
347
17321
12007
14321
10733
2069
10789
4909
5479
18149
13187
196841
2153
15493
14437
5077
7481
12967
1979
10729
4231
1301
9241
11821
12203
15031
2063
9221
11173
853
5477
19231
14731
912673
19751
9473
10141
317
1873
7907
5273
8039
5107
375769
8783
6709
10937
151321
14533
