1000
13417
452929
7108093
51020287
10691
6343
82210489
15706519
502681
5812921
7793
13441
39150049
81567533
86136961
27363361
33508927
177241
12697
32959081
35653019
19219
26822041
33563909
1324801
82696459
18713
11243
10433
17041
77246569
19597
18517
52019761
9341
23940989
29343889
75283319
10201
42259381
26403803
10501
40056241
16229
3494611
13451
17683
1481089
86174089
14741
2920681
1885129
2765569
14969
61547359
12647
13183
15739
8710769
93968113
35081929
13241
15629
11953
80354023
62722003
18427
62047129
11095561
23318123
53907407
61064191
2399401
47786317
14401
12160601
3030827
14479
59349463
37100281
13831
36026297
11287
13627
53210513
19562929
91295447
44903401
5549903
16811
12725021
5202961
1357319
14717
8713
13907
98029801
92433833
332929
19979
19705537
18983449
24578483
20366747
10771
20410889
19609
9049123
83302129
8994001
9547
90878089
39384379
15177887
13963
13789
70935587
15161
14280841
16871
59174957
1362587
13267
11042329
98148649
13421
67848169
16729
49901707
58064753
24314761
53392249
27426169
19183
7778521
12113
14369
79252289
18803
21252313
52519009
21003889
13151
18258529
17789
18329849
7481
55294739
16267
15227
13044839
18583
10803553
3526669
17467
17161
13781
75794581
26112851
22118209
12433
10973
38576521
5431
98584351
39904489
16361
12203
31899607
9929
18089
14753
88416409
9227
56857793
17737
12791
15497
10585303
13680391
53192173
85692049
95667961
18859
86382689
15199
10711
8779369
58086499
2113613
16477
42222197
10597
16649
98018971
32445011
88639489
14419
20272387
19017239
50737403
259081
12457
7151
16900321
17939
49339363
18743
30779303
17107031
73496329
68442529
14533
12469343
271441
18503
26705863
17321
10909
12821
12611
12111587
19801
17911
6436343
40498417
12037
58081
13721
15877
14447
11581543
12163
2042041
52606009
16411
17509
15289
4603939
13759
17021
17597
17659
91221601
36957353
11969
6259399
11946833
44024833
14771
11329
73324969
12413
8106929
63567473
87549199
61719607
18041
92319187
10867
1606807
15638839
18121
33954289
3003289
212521
13597
31956409
16097
68840209
11171
12473
89786167
10111
527903
4572079
15387871
33987809
33089779
17231
18553
88529281
7954157
17525647
4861463
14639
12205997
10896601
42823637
15241
57121
81884401
12823
36273491
11351
75498721
6121
30063289
6074773
48958009
14657
9247681
17327
12983
35309759
20313049
65757737
6723649
8627
5090717
18397
6101
66896041
21353641
24614311
76665983
36346501
11369
6571
58520617
92299073
61608931
18433
23377631
15473
6576821
18181
17827
16619
11839
21096641
14593961
61889689
39082627
15319
17747
59336209
19867
15973
3414277
19489
35322289
69772609
16459249
42143779
12996821
11681
19073
13913
11057
11593
10569001
47706649
16921
15907
14197
32024281
18461
3982757
10271
17029
69372241
12889
17483
7393
229441
32982049
18119
12569
19777
22401289
10301
15124321
56987401
10499
10259209
1052501
19843
29570557
16703
56685841
61767571
9173
19087
23629321
54037201
72260267
6438947
5393
14551
15137
14759
13249
1018081
19383589
8025889
19751
948697
19819
18269
60616331
25593481
25010873
12289
15809
11213
10853
42194947
84400969
14947
19367987
75047569
19483
8081431
10069
34586161
18049
49729
10781059
326041
6574723
3874007
71450707
16481
16547
30261001
58507201
10223
942841
10657
3579193
5141329
18287
55565053
12043
66821213
6109693
5166529
20478343
2785561
16111
11813
16879
19583
95562067
41229241
19541
14347
7043
2753383
15859
16937
89115493
7678487
18211
20575427
90992521
9719
18253
7392961
19861
86012581
31058329
35129329
13331
44982599
15641
121801
14243
49970761
13121
3329069
70590461
10979
38402809
21893041
14869
38700841
19421
1471369
12581209
1482353
41615401
31330363
37144427
14593
436921
10903
44742721
2214337
11779
11006179
19301
8648567
14081
19079
19842941
10453
14107
34126537
11491
40057373
73441
14423
22552771
17573
17123
16417
19303577
15773
48613849
19949
55716019
15187
18493
97627811
7219969
73990421
19463
11017427
1755817
19775809
11279
17093
99622613
12703
8233
19469
10733
46647091
12539
12049
19603
12589
15299
78636017
14159
17297281
13763
10357
57702713
69169
17652433
24174691
13088597
2533483
16453
17477
16349
7655129
95394289
1467019
19559
15787
10182481
25816561
13457
66477487
29997529
8741
17569
16069
94926049
83659879
16741
34437919
11941
41039951
15271
36606191
61914581
18143
66393983
17207
12541
36240791
53173264
31820881
14621
29668013
3807481
597529
18367
74666881
46144849
16657
17159
22511821
86793709
16979
16433
18353
86359849
11817349
60798253
214369
18919
120409
434281
24925367
68740681
12369289
23286671
2647129
77810041
10253
10889
18911
28058209
31030301
77517151
7198489
19267
677329
84901673
10709
11699
95236117
44368921
63618803
9431
25820779
11887
13404049
51552283
19391
5343109
53246209
12769
4095625
54007801
5228989
10631
19162103
10211
20988707
13709
58273753
19181
40538689
30169199
17203
13961221
12097
2455489
35426669
18439
12503
98624761
76230361
418519
10333
12689
76615009
9007
12979
14033
2493241
38853149
14609107
1646089
96497501
64176121
18797
15413
17053
26720663
86232499
47786027
19593923
15649
13751
18523
73546309
24023837
13513
19717
52803397
11254549
17987
16889
8951
16319
57805609
45333661
19069
17033
16421
3523129
24334489
70174129
68773849
16759
18539
84133639
17623
2229203
28662479
5442889
18521
18257
46689889
7138721
87940079
737881
68552663
14691889
41899729
4532641
83923921
14011
19963
7193
8831
8374903
62520649
45020693
13010449
13623481
15233
39601
13147
18679
92409769
18191
5687203
3463321
10781
64714379
11587
43792753
41306329
36517849
52663607
18749
11597
48288601
17293
17401
48943907
23785129
17586809
1216609
26443129
79918393
10639043
5555449
1515361
17799961
40436881
10067
73908409
13208989
12911
50112241
13477
51754867
33697541
13757
16242467
13879
17393
39702601
9463847
19661
15578809
90210479
40462321
14400367
14843
8162449
16987
11173
58813561
5139289
12109
5527
19081
49378051
1150901
13421963
10141
9623
17903
11579
16451
91832393
13681
11383
7129
81168497
5087917
11251
56906263
8321179
76020961
15263
4532461
17929
982081
42282421
11069269
15581
15373
19763
11329963
50794129
36831371
10151
77774761
11895601
49965551
19433
62971331
451261
78978769
249001
14929
21187609
57138481
69589127
7937
13159
55968427
19501
3179089
7349521
29765809
12263
74770609
73303249
17131321
11833
13692821
5067001
11047
12260623
13883
12953
12637
10391
11547187
19289
14437
62087251
17981
16057
9091
10193
6217
10739
39463891
10937
2522591
68299409
1365613
9497429
12781
18671
19186327
12243001
4108729
13049
19121
60903611
17291
19231
23937103
22287841
15527
82869613
18088009
26996911
82864609
19259
51652969
12739
10987
9241
4108877
20111779
8263
5616823
182719
2128681
14051
48539089
32501401
5799683
9829
16931
5148361
3397543
38205773
15210197
23274389
29717209
361201
776161
77498471
15569
1947067
92965109
3916441
10559
15461
12491
12323
17732521
14327
10723
56601289
375769
19373
49801249
13799
19793
90260609
53896741
2690833
10259
11503
7656289
15073
12041
44609041
226503
62535493
31281143
299209
24512401
14923
2808539
45387169
67174043
16938149
11092919
18059
16193
20421361
7284601
3088153
11393
19139
18043
90649441
6856961
8699
17551
13082689
6651241
9066121
19576181
11119
16369
17807
98763689
37834801
9463
7536313
18341
20367169
15101
13001
6798461
5480281
13171
71588521
10463
10091
96687889
14897
11527
10436371
15583
19624747
16487
15761
15349
12547
64850809
12020089
9221
13553
8737
3362419
1100401
90706897
63888049
24076289
310249
19864849
13043
10321
11919337
41589601
80464729
10861
88437023
17027
