10 10 100
zftufghijb
bmdqqirsnu
ljdosbtbno
bghbbklmxb
pbrbbkewxy
pbayvaewac
aaabaaabab
baaabbaaba
aaabvaaaac
abbababbaa
2 1 3 1
1 3 3 9
1 3 3 3
2 3 3 3
2 9 3 9
2 4 3 4
3 1 7 7
1 10 7 2
3 6 9 5
4 10 9 10
3 6 5 5
1 10 5 6
3 5 5 4
3 1 9 4
4 1 9 6
3 1 9 9
3 1 9 10
3 1 9 1
3 4 5 2
3 7 5 7
1 4 5 6
5 7 5 5
3 9 4 9
3 10 4 10
3 2 4 5
1 2 4 1
2 6 4 4
3 1 6 1
3 5 6 5
3 4 6 4
1 4 6 7
2 4 6 2
3 2 6 2
1 2 6 10
3 8 6 8
2 4 7 1
2 5 3 1
3 3 3 9
3 3 3 8
3 1 2 6
3 2 2 4
3 8 3 2
3 5 3 1
3 3 3 6
3 10 3 8
3 7 3 10
3 3 3 7
1 1 3 5
3 2 3 3
3 6 3 2
3 6 3 2
3 2 3 3
1 1 3 5
3 3 3 7
3 7 3 10
3 10 3 8
3 3 3 6
3 5 3 1
3 8 3 2
3 2 2 4
3 1 2 6
3 3 3 8
3 3 3 9
2 5 3 1
2 4 7 1
3 8 6 8
1 2 6 10
3 2 6 2
2 4 6 2
1 4 6 7
3 4 6 4
3 5 6 5
3 1 6 1
2 6 4 4
1 2 4 1
3 2 4 5
3 10 4 10
3 9 4 9
5 7 5 5
1 4 5 6
3 7 5 7
3 4 5 2
3 1 9 1
3 1 9 10
3 1 9 9
4 1 9 6
3 1 9 4
3 5 5 4
1 10 5 6
3 6 5 5
4 10 9 10
3 6 9 5
1 10 7 2
3 1 7 7
2 4 3 4
2 9 3 9
2 3 3 3
1 3 3 3
1 3 3 9
2 1 3 1
