100 10 300
scuurrpcaa
scuurrpddd
scuurrpaca
scuurrpacc
scuurrpadc
scuurrpcba
scuurrpcdd
scuurrpcdc
scuurrpdad
scuurrpacb
scuurrpbab
scuurrpbaa
scuurrpbac
scuurrpbab
scuurrpdaa
scuurrpccb
scuurrpcbb
scuurrpbda
scuurrpada
scuurrpddc
scuurrpaac
scuurrpccc
scuurrpcdc
scuurrpbac
scuurrpcdd
scuurrpcbb
scuurrpaac
scuurrpbbc
scuurrpbbb
scuurrpbba
scuurrpdba
scuurrpbdc
scuurrpacb
scuurrpcdb
scuurrpbbb
scuurrpadc
scuurrpbdc
scuurrpaaa
scuurrpcbb
scuurrpdcc
scuurrpdba
scuurrpddd
scuurrpcdb
scuurrpdba
scuurrpbcb
scuurrpccb
scuurrpaaa
scuurrpdab
scuurrpdcc
scuurrpabb
scuurrpdac
scuurrpddb
scuurrpcba
scuurrpabc
scuurrpaca
scuurrpcad
scuurrpdad
scuurrpddd
scuurrpacb
scuurrpddc
scuurrpacc
scuurrpcbb
scuurrpadd
scuurrpada
scuurrpcac
scuurrpdcc
scuurrpcbc
scuurrpbac
scuurrpaba
scuurrpbad
scuurrpdab
scuurrpbcc
scuurrpccc
scuurrpbdb
scuurrpbbb
scuurrpdad
scuurrpbca
scuurrpadb
scuurrpcdc
scuurrpcac
scuurrpcdc
scuurrpdaa
scuurrpcdd
scuurrpaac
scuurrpbcd
scuurrpdba
scuurrpcdc
scuurrpddc
scuurrpabb
scuurrpcdc
scuurrpabb
scuurrpcbc
scuurrpcdb
scuurrpbdb
scuurrpdad
scuurrpddb
scuurrpdca
scuurrpbbd
scuurrpdba
scuurrpbdd
54 10 61 9
15 10 64 8
70 10 61 10
1 9 25 8
26 9 7 10
89 9 8 9
49 9 37 10
5 10 12 10
73 9 32 8
47 9 29 10
41 8 20 9
44 8 80 8
39 10 79 8
38 10 8 9
96 8 39 9
50 9 99 10
82 8 88 9
68 9 75 9
46 8 36 8
68 9 21 9
52 10 81 10
88 8 41 8
31 10 59 8
10 9 43 9
83 10 66 10
92 9 67 8
2 9 58 8
30 8 87 8
19 10 9 8
2 9 48 10
58 9 27 10
21 8 18 10
35 10 80 8
46 10 14 10
23 8 92 9
31 9 98 9
58 10 54 10
1 8 99 8
25 8 2 8
71 8 86 9
65 10 56 8
21 8 50 8
94 10 85 8
82 9 26 10
79 9 34 9
84 10 40 9
94 10 17 10
54 9 8 8
63 9 56 9
6 10 45 9
30 9 70 10
96 9 1 9
87 8 4 8
43 8 1 10
17 10 86 8
93 10 24 10
80 9 71 10
15 8 65 8
34 10 64 8
64 10 12 9
15 10 67 8
67 8 1 10
38 8 96 8
72 8 94 9
16 8 76 8
92 9 77 9
40 9 88 8
100 8 16 10
82 9 28 9
80 9 20 8
67 8 89 9
82 8 33 9
60 10 30 9
6 10 61 8
49 9 84 9
99 10 56 10
83 8 92 9
63 10 12 8
100 9 27 10
11 10 10 10
40 8 66 9
26 9 46 8
82 8 41 9
96 8 90 8
81 10 90 9
2 9 72 10
50 10 93 9
55 9 68 8
33 10 52 9
49 10 31 8
23 10 9 8
50 9 21 9
10 8 41 8
64 8 98 9
91 9 1 8
69 9 56 8
7 10 31 8
62 9 47 8
7 9 46 9
18 9 4 9
97 10 60 8
9 9 57 8
10 10 52 9
8 9 36 9
67 9 45 8
91 9 10 9
7 8 68 10
72 9 40 10
51 10 97 8
6 9 7 8
59 10 56 10
44 9 25 8
69 9 56 10
65 8 3 9
23 9 62 8
53 10 50 10
99 8 95 8
2 10 75 9
30 9 13 8
37 9 59 9
14 9 74 9
29 8 27 8
88 9 47 10
97 9 64 10
58 8 8 8
82 10 19 10
31 8 98 8
57 10 22 10
95 9 44 10
70 8 4 10
50 9 24 8
39 10 44 10
3 8 93 9
63 9 29 10
26 10 87 8
8 8 39 10
34 8 11 10
14 9 6 10
81 8 12 8
7 9 56 8
1 10 26 10
54 9 93 10
79 8 23 10
61 9 72 10
34 9 73 10
78 10 64 8
76 10 74 10
81 10 49 10
74 9 36 9
80 9 3 10
25 9 75 8
99 10 41 8
13 10 84 8
47 9 92 8
17 10 34 9
82 10 50 9
86 8 73 9
75 8 92 9
67 10 23 10
15 10 70 8
5 8 26 8
17 8 74 10
7 9 84 10
33 9 59 8
83 9 76 9
67 9 61 8
36 10 45 10
14 10 45 10
70 8 50 9
23 9 1 9
36 9 52 8
10 9 10 10
85 10 76 9
88 10 58 10
3 8 84 8
28 8 5 9
55 9 62 10
14 9 58 10
10 9 77 9
86 9 57 9
84 8 14 8
72 9 12 8
95 9 22 8
79 10 34 10
47 10 59 10
68 9 22 8
99 10 28 10
36 9 62 10
75 9 86 10
97 8 92 8
14 9 20 9
53 8 88 10
98 9 40 8
14 8 23 10
2 10 41 8
2 8 60 10
45 9 2 8
94 9 53 9
72 9 100 9
40 9 81 8
72 8 90 8
12 8 100 10
40 10 99 8
10 8 61 9
14 9 99 10
3 8 34 8
86 10 22 9
2 10 28 8
17 9 71 10
70 10 58 8
8 8 45 8
5 9 27 10
78 10 74 10
7 8 97 9
71 8 55 8
34 9 85 8
55 8 59 9
68 10 26 10
70 10 42 9
20 9 18 8
91 10 23 9
72 8 82 8
88 9 12 9
48 10 14 8
72 10 5 8
30 10 17 8
58 10 59 9
76 9 22 10
45 10 54 9
35 8 63 10
26 9 77 9
90 10 21 8
25 8 56 10
24 8 67 8
26 10 83 9
4 9 86 9
39 9 41 8
3 8 79 10
56 8 44 8
16 8 80 8
87 8 12 9
31 9 56 8
90 9 2 8
40 9 82 9
74 8 15 9
46 10 52 10
47 8 60 9
91 10 10 9
74 10 1 9
8 10 31 10
85 8 22 10
56 9 38 8
4 10 7 8
11 9 16 8
27 9 54 10
15 10 75 10
28 9 84 10
14 10 5 10
79 10 25 9
62 10 26 9
32 10 22 10
89 8 70 10
75 8 73 10
47 10 30 10
13 10 24 9
28 10 92 10
16 9 1 10
78 8 57 10
30 9 14 10
36 8 5 10
29 10 70 10
99 10 80 8
55 8 61 9
52 9 21 10
73 8 34 8
90 8 95 10
9 8 17 8
21 10 27 9
96 9 56 9
87 10 75 10
87 9 54 9
27 9 65 8
99 8 58 9
53 10 63 8
79 8 52 8
78 10 60 8
15 10 25 8
52 9 83 8
37 9 67 9
83 10 87 10
45 9 13 8
75 9 35 9
87 10 16 10
75 10 5 8
82 9 63 9
97 10 39 9
57 10 1 9
40 9 12 10
24 8 48 9
82 10 44 10
