100 10 3000
qzsqqlrqyk
ekncxwnsvc
fqubrlnlsx
lxhybzvnyb
bxbbckyzba
ayoanaaazc
rfazkjlwfa
baibibbabb
bwabzatbxb
zbjatyjaby
tkbbwtnbxf
bubjxaalfa
bskbbaazre
baaabbaaja
tkbkiaaqaa
baubaodbbf
baqbqkamdc
bwasbbabab
tbabbmazaa
bodkmsxbbm
zhcjbavscb
debkbajkam
abaabiabvb
dyoababazc
bfaaaenaba
tsobdbnazb
bcbanoabbu
lbbbxaabva
jbaybeqwbb
bfabpbbwba
bkaaberwfa
bodyrsalbw
aiabbaaarq
bcvjabbbac
mbbbbwbklo
bdpqajjmny
puoamyxaba
xiaabuaaab
fghbballbc
bqdkfbpwrl
bmpovkhmbb
taxbbupare
tavbbwnabb
puosmyxwaa
bgaadeagbi
dsvabtabru
tuvwxezobq
agabaaabra
ffpqasbbaa
aclarsharb
agabbanoab
wapeauhibj
byzbbcaaba
hmpbaopiba
bgabdklmbi
baaamiaiau
bavabeaabb
bbabbaaoba
bopwbsavba
aadsagaaaa
hajabbnobc
aovbxaayzc
fgbbaabbba
ttebrgnbba
baawbbafbc
baaabbbbbe
bgabbklmac
abeaamdbby
baaibaqbva
baaabbaaba
jgabrenbbc
bbaafstbab
habbbsafbb
hgbbaababb
hafbxabavb
huvbaytgbu
wapbaxlavj
aavwxezabi
ebaabgbaab
zbaabebbbb
xabbbadaab
lbbbpaaaaa
aiabdaraha
dgbbbababb
haairslaab
hoamqahqba
hajbrmnbaa
udpazjjsny
abebpaaaaa
aiaabazqrq
baabababab
bibgdgnaau
fghbbblmda
tbjabunaaa
hgpabattab
baauvbbiab
tupabybbaa
kpbbbeaabb
fgbaaabbbb
aabbbabaac
1 9 47 6
5 9 75 6
5 8 95 6
30 2 95 2
3 3 95 10
3 2 95 1
5 6 25 4
1 9 25 3
15 5 41 8
1 9 41 6
3 2 41 1
3 2 51 2
1 3 96 2
1 3 6 2
1 2 6 10
4 4 6 9
5 6 6 3
3 10 6 8
3 5 8 5
3 3 8 3
2 6 3 4
3 5 3 1
29 2 3 2
5 4 3 10
1 3 20 4
1 7 20 5
2 1 30 1
1 4 30 7
4 8 42 7
6 5 42 9
3 8 78 6
1 5 78 10
5 3 48 5
25 8 48 2
1 1 48 8
1 1 48 10
1 6 1 1
1 5 1 4
6 8 1 8
1 10 1 5
5 2 1 6
5 6 46 6
1 9 19 2
5 1 19 7
1 7 19 4
4 10 19 3
4 9 31 10
4 7 85 9
4 5 69 10
3 10 69 3
4 1 69 7
2 6 71 6
1 6 71 9
3 2 71 3
5 6 71 1
22 4 71 2
1 5 99 10
2 1 99 4
3 4 20 4
2 1 20 3
15 2 20 2
1 6 20 6
1 9 54 10
1 4 21 5
1 5 21 5
1 3 21 10
1 2 21 2
1 7 21 7
1 9 21 9
1 3 21 3
1 10 21 10
4 2 24 3
1 4 24 9
2 1 51 7
3 2 51 8
4 8 14 5
3 9 14 4
3 8 89 6
3 5 89 2
3 7 89 7
3 5 89 5
1 5 89 4
1 5 71 9
3 6 71 8
1 8 71 7
1 8 71 3
1 8 71 2
4 8 71 1
3 6 95 4
4 5 95 10
1 9 7 6
5 5 74 10
7 9 5 5
2 5 31 6
3 5 72 3
7 8 72 10
3 4 72 4
7 6 72 2
7 5 72 8
2 10 28 10
2 3 28 3
1 4 28 9
2 3 16 6
5 3 14 5
2 3 14 6
1 4 49 9
2 3 23 6
1 4 99 10
2 9 89 9
4 2 63 8
2 10 63 4
2 1 63 7
2 1 63 10
4 3 63 1
1 9 63 3
1 9 63 5
21 6 63 2
1 9 94 7
1 5 94 3
4 5 95 8
2 10 95 6
4 2 95 2
1 1 95 10
1 1 95 1
7 1 24 9
15 3 24 1
17 2 93 2
7 5 93 9
11 3 94 6
2 1 94 1
2 9 94 3
7 4 7 1
11 7 7 5
3 2 7 4
2 10 7 3
2 10 34 8
3 2 34 5
2 10 34 9
2 3 34 6
2 3 54 5
2 3 54 4
2 3 84 2
1 4 84 8
7 5 84 3
1 4 84 4
1 2 79 9
1 2 79 6
1 4 83 1
1 4 83 2
1 5 16 7
10 2 16 3
4 7 16 4
3 2 16 10
3 4 16 8
2 10 19 8
1 3 59 10
3 2 71 9
2 9 71 5
3 1 71 1
1 3 71 6
5 3 71 7
3 4 8 8
3 2 67 9
1 1 62 4
1 1 28 9
2 4 28 6
4 7 28 5
16 5 28 10
3 10 72 10
4 9 72 4
1 4 72 6
7 7 52 7
29 5 52 3
2 4 52 8
3 2 32 8
2 6 52 1
1 3 52 10
2 7 52 7
3 3 52 8
3 1 52 2
7 2 56 5
1 9 56 7
2 9 7 9
10 3 7 4
31 1 7 7
10 5 7 2
2 7 89 7
1 9 89 6
2 9 89 10
2 4 89 2
2 1 91 1
8 10 10 3
2 8 10 8
1 1 10 9
1 3 10 4
2 6 10 6
13 8 10 5
1 1 29 2
2 1 29 7
10 3 29 5
1 3 29 9
1 3 29 8
2 7 29 3
7 3 44 3
8 2 44 1
3 3 44 7
2 6 44 10
4 1 44 2
4 1 44 6
9 10 44 5
2 1 87 10
1 10 87 4
1 10 87 5
7 3 87 8
6 10 7 3
2 5 7 4
6 4 7 5
2 4 7 1
3 10 54 8
2 6 54 10
1 10 54 9
7 8 54 2
2 1 54 3
30 7 54 1
2 6 58 3
6 10 63 1
2 3 63 2
2 3 63 8
8 7 63 7
1 10 63 3
7 5 6 4
2 5 6 2
2 4 6 7
2 3 6 3
1 2 6 6
15 5 6 8
1 10 36 10
1 2 36 2
3 2 36 7
1 9 36 6
1 7 36 9
7 4 48 4
17 3 13 10
6 10 96 7
2 2 79 8
30 1 79 9
6 4 40 1
2 1 20 3
6 3 20 8
6 2 20 1
5 10 20 6
1 2 12 9
22 9 12 8
1 5 12 5
1 10 14 10
1 3 14 8
4 10 14 1
4 6 34 7
4 2 35 3
3 10 52 2
11 10 52 1
3 7 64 4
1 3 64 5
3 6 64 8
8 10 39 10
20 10 39 8
1 8 39 6
3 2 98 10
2 10 98 3
2 3 98 4
1 8 98 5
15 3 34 3
10 9 46 1
1 7 46 5
5 1 100 10
1 6 61 6
1 1 49 2
12 3 41 5
21 6 41 8
15 1 41 7
8 8 69 7
11 8 69 9
1 9 69 4
1 6 8 10
20 7 8 7
6 4 86 5
2 7 86 8
8 8 86 1
15 1 86 1
1 9 86 2
1 6 86 6
1 9 76 8
3 4 76 7
6 3 76 1
1 6 92 1
16 1 92 7
5 1 27 10
6 9 27 6
1 6 27 4
1 6 27 8
10 9 27 5
1 9 27 7
1 10 78 10
1 5 78 9
1 2 78 5
9 8 78 3
6 6 78 4
3 5 78 7
8 8 77 9
4 6 77 10
5 5 77 3
1 4 77 2
8 7 77 7
1 4 43 4
1 4 43 2
1 4 28 4
6 3 28 1
1 7 28 7
4 6 89 7
3 7 89 9
6 1 89 4
1 4 89 8
1 4 69 5
1 6 69 2
1 5 82 9
1 3 82 3
1 4 82 6
1 3 82 3
4 7 88 3
1 10 88 10
3 7 88 8
2 9 88 9
1 2 88 5
4 1 88 7
10 2 88 2
15 8 55 2
1 6 55 7
6 6 55 8
1 7 55 4
6 2 55 6
1 2 55 3
1 2 55 1
1 2 94 8
1 5 94 6
1 3 55 9
1 3 55 5
3 6 55 10
5 2 67 8
1 4 67 4
15 2 67 10
4 2 67 6
1 1 67 1
12 10 67 2
1 1 46 7
6 3 46 3
14 2 61 10
1 2 61 6
1 10 34 6
1 1 34 5
12 2 34 2
3 7 34 4
5 8 11 8
2 9 11 9
1 3 12 2
2 7 12 5
1 8 12 8
3 4 4 3
1 7 88 7
5 10 88 10
1 8 88 3
1 7 88 6
2 3 88 8
4 3 88 1
1 7 2 4
1 1 2 5
1 1 2 7
11 3 98 6
1 5 78 7
1 4 78 4
1 5 78 6
1 5 2 8
2 9 2 5
2 6 2 3
1 4 2 9
1 4 2 7
1 3 35 2
3 10 35 10
3 1 35 1
3 6 35 6
9 2 48 4
5 10 8 5
9 9 43 7
3 4 43 1
1 3 56 9
9 1 52 7
2 9 52 6
2 2 20 8
4 10 20 7
12 10 27 10
4 2 27 6
1 1 51 5
2 3 51 7
1 1 51 9
1 5 73 8
2 6 73 9
1 10 45 2
2 4 21 7
4 9 21 6
8 10 21 2
2 6 52 2
1 7 52 6
1 9 21 3
2 10 24 10
1 6 27 6
1 5 27 5
1 5 27 5
1 6 27 6
1 6 27 7
1 6 27 6
1 4 27 10
1 5 27 5
1 7 24 10
1 6 71 4
1 3 71 8
2 4 71 4
1 1 71 10
2 3 71 3
2 1 71 1
1 7 71 5
27 7 30 7
5 9 40 9
1 2 40 6
5 4 40 2
1 2 40 8
1 9 40 1
1 2 26 1
1 7 26 7
1 6 75 5
2 6 75 6
1 9 75 7
1 8 7 4
1 7 7 5
3 1 7 10
2 3 7 1
2 6 7 8
1 3 7 6
2 4 75 8
1 3 75 7
5 5 75 9
1 3 75 1
3 4 21 7
1 8 21 4
3 6 21 6
1 5 21 2
3 6 21 6
3 2 21 2
3 8 21 8
3 1 21 1
1 9 21 9
2 7 95 10
2 4 48 9
3 10 48 8
1 7 48 6
1 5 48 1
3 9 23 10
1 7 10 2
1 9 10 5
3 10 10 10
1 5 10 8
2 4 10 6
1 7 10 1
3 9 10 9
1 2 10 7
8 4 87 9
1 5 87 6
1 10 54 8
3 8 54 9
6 5 23 5
8 2 23 3
6 4 23 4
3 9 23 1
6 4 23 8
3 9 23 2
7 7 100 6
6 10 96 9
6 9 38 8
1 3 38 1
6 5 38 9
3 2 19 5
7 4 34 3
3 6 34 4
6 4 34 5
3 2 9 3
7 6 3 9
10 6 3 6
5 10 3 2
5 6 48 3
4 9 48 2
7 4 48 1
6 5 48 5
1 2 48 7
6 1 48 6
1 4 48 4
4 9 53 4
4 8 25 1
14 6 25 8
1 5 25 6
3 5 19 1
9 9 92 5
1 2 73 9
5 2 73 2
4 9 73 6
22 5 73 1
5 1 73 8
3 7 84 7
3 7 84 4
4 1 17 5
3 7 17 1
4 10 17 7
6 5 17 9
3 3 30 6
3 10 30 10
2 3 30 9
2 1 30 4
2 1 30 5
3 5 18 7
1 10 18 5
1 8 28 9
3 3 28 10
2 6 28 4
3 4 28 1
4 7 32 3
2 3 58 6
1 1 24 6
1 1 24 9
1 6 24 1
3 7 19 5
6 4 19 4
1 10 19 10
3 5 19 6
5 1 19 2
1 6 19 9
24 9 78 5
2 3 54 1
1 8 54 9
1 5 2 10
25 2 2 2
1 3 2 6
1 5 2 5
3 4 28 7
2 9 28 10
1 8 28 8
5 6 28 1
1 3 28 2
3 4 10 1
1 1 10 5
3 10 76 6
1 1 76 3
23 2 76 8
1 10 76 2
2 1 89 3
2 9 85 5
1 5 85 6
1 3 76 10
1 8 74 10
3 3 74 9
1 6 74 2
17 1 74 1
2 2 64 8
2 1 9 10
1 3 9 6
2 2 9 2
1 3 87 6
3 3 87 2
3 3 79 8
4 9 11 8
4 2 11 4
2 2 11 1
2 5 11 10
2 5 11 9
4 8 56 4
10 10 56 6
5 6 56 5
2 8 56 1
2 5 2 10
4 1 2 8
4 4 51 7
4 3 82 10
4 2 89 7
4 2 89 4
4 5 4 1
1 10 4 8
1 6 4 5
1 10 79 1
1 6 79 9
9 4 69 4
5 10 66 9
1 8 42 8
5 6 52 3
5 3 52 7
9 3 89 3
8 4 89 4
4 2 89 9
1 5 2 7
4 5 28 6
1 3 28 4
4 2 72 6
2 4 72 8
1 5 20 3
1 8 20 5
4 10 85 5
1 10 85 6
2 3 85 4
1 5 85 3
8 3 85 1
7 2 71 7
3 1 71 3
21 8 58 8
1 5 98 2
1 1 5 4
4 8 29 2
4 5 29 8
3 8 29 9
2 7 49 2
2 8 49 8
3 2 49 5
2 8 49 10
22 3 49 1
3 8 49 7
1 5 8 3
2 2 8 2
3 7 8 9
2 8 8 6
2 10 8 7
2 7 81 10
2 6 68 8
1 6 40 4
1 6 40 2
2 7 40 7
2 2 40 2
2 6 40 6
2 3 40 8
2 3 40 10
2 8 51 5
1 6 51 7
3 2 21 10
4 1 21 1
1 4 21 4
1 3 21 2
2 7 21 3
3 2 95 7
5 2 95 3
2 7 35 2
3 8 54 3
1 3 54 1
1 3 54 2
17 1 52 3
3 7 52 5
18 3 67 10
1 4 67 7
12 3 67 1
3 4 14 3
2 4 14 10
6 10 61 3
6 9 61 7
1 3 61 1
10 2 61 8
3 4 94 2
3 4 94 3
1 7 45 1
1 7 36 10
4 6 4 5
2 6 4 4
4 3 4 2
4 4 4 10
2 4 4 1
1 10 4 9
1 8 4 8
1 3 75 1
1 8 75 6
1 3 75 8
4 2 75 10
1 8 75 2
3 8 75 7
3 8 75 3
1 8 32 6
1 5 32 9
1 5 32 5
9 2 32 2
3 8 32 1
10 1 32 1
4 9 32 3
10 10 32 10
10 9 63 2
14 7 41 1
1 8 41 6
1 4 41 1
3 7 41 9
3 6 41 5
1 1 41 10
2 6 30 8
18 9 30 6
2 4 30 10
1 1 30 3
3 6 30 9
10 1 30 1
2 7 50 6
1 1 50 5
2 4 20 4
1 4 20 10
1 8 38 9
1 4 38 5
1 7 38 3
1 4 38 4
1 10 93 8
1 6 93 3
1 4 93 7
1 7 93 4
1 7 93 1
1 5 73 5
5 3 12 10
5 10 12 4
1 2 12 1
1 6 12 9
7 4 12 5
4 6 92 10
1 2 92 5
3 2 89 1
3 3 89 2
1 8 61 6
1 5 95 9
3 4 95 8
2 5 48 2
3 5 48 10
1 4 48 9
1 7 48 3
7 7 48 8
5 3 47 10
1 4 47 8
3 4 18 6
1 1 18 3
1 5 16 5
1 5 16 8
1 4 16 5
5 9 62 5
1 4 62 10
4 9 62 3
1 8 93 3
8 10 85 6
3 2 85 10
3 2 85 9
1 5 85 1
3 4 85 2
3 5 85 4
1 5 85 7
1 8 85 3
3 4 91 8
8 1 91 1
1 7 8 3
4 2 8 4
1 2 8 9
9 6 8 6
7 10 12 7
2 10 12 5
5 9 12 6
2 5 84 6
2 8 20 7
2 4 20 5
1 4 20 10
2 5 98 9
2 6 42 10
3 1 42 9
8 10 42 10
1 4 42 6
2 5 42 7
2 4 42 4
6 3 42 1
6 9 10 1
2 4 60 8
10 8 59 10
8 4 59 4
1 6 15 7
2 7 23 6
9 10 86 6
5 9 86 7
2 4 99 9
1 6 99 3
1 6 99 1
2 7 99 6
4 4 99 2
2 7 45 2
7 8 50 5
4 10 50 2
2 4 50 7
7 3 50 1
6 1 89 9
6 1 89 1
12 7 12 6
15 7 12 7
1 8 12 9
2 4 12 10
1 4 12 3
2 2 12 4
1 6 34 1
12 1 34 3
7 7 7 3
7 3 7 10
7 2 7 3
6 6 7 7
1 6 7 8
1 3 46 9
2 9 46 9
1 1 46 3
2 3 46 3
2 4 46 5
2 10 46 10
1 6 46 8
4 4 16 2
1 4 16 1
4 3 71 10
2 1 97 2
2 2 97 6
2 9 97 4
1 6 97 9
1 1 97 1
2 3 97 8
1 1 97 7
1 1 24 4
6 7 24 3
1 2 24 7
4 3 60 3
7 8 60 6
9 6 60 4
7 6 25 2
7 2 81 10
6 6 81 1
3 7 81 7
2 8 59 6
2 9 59 8
1 2 59 3
3 8 59 2
1 3 89 5
2 3 89 2
3 3 55 2
5 6 55 8
1 1 55 3
1 1 55 7
4 4 55 9
1 1 55 5
1 6 55 2
1 3 55 7
13 5 55 1
13 4 55 3
13 1 42 4
3 4 20 5
2 8 20 10
1 10 20 4
1 2 20 7
1 1 20 2
12 8 78 5
11 4 42 4
11 5 42 2
11 4 69 5
15 9 69 4
5 6 37 7
1 9 37 3
11 3 24 8
13 4 24 4
1 3 50 3
3 6 50 9
11 1 50 8
6 7 50 1
2 2 50 2
7 8 50 10
1 2 50 7
7 7 46 4
1 2 46 1
7 7 46 7
5 4 46 5
8 5 46 8
13 1 52 1
5 4 52 7
1 9 52 10
7 8 74 5
7 7 74 9
1 9 74 2
7 7 74 3
2 9 13 4
1 9 13 8
7 7 89 1
2 9 89 5
11 5 76 9
7 2 36 2
2 2 36 6
1 7 28 5
1 7 28 1
3 8 28 4
1 1 90 2
1 7 90 9
2 4 90 5
2 8 90 10
5 8 90 3
5 7 90 6
2 4 90 1
1 4 77 4
4 2 77 7
1 4 77 2
1 4 77 1
2 3 7 7
11 6 11 5
2 4 11 10
2 4 11 6
5 4 2 4
5 5 2 3
1 6 2 10
1 8 72 7
4 7 72 3
5 4 72 10
15 6 72 6
3 1 16 3
1 4 16 2
3 1 16 1
5 2 38 9
15 5 38 10
15 4 38 4
14 1 26 10
1 4 19 8
13 10 19 10
13 4 19 3
13 1 19 7
12 10 19 9
12 7 19 5
12 3 73 10
4 7 73 3
2 1 41 10
8 6 41 8
5 7 28 9
1 4 28 6
4 8 28 7
3 8 54 1
4 7 54 2
2 4 21 5
4 9 21 3
1 2 21 7
1 6 21 2
4 7 21 8
4 10 21 10
1 6 38 6
2 5 38 7
2 5 98 10
2 6 98 8
2 6 98 1
4 7 98 2
3 8 98 5
5 2 98 2
2 9 2 4
12 2 2 9
5 2 2 5
9 5 32 1
3 4 32 2
4 3 32 5
3 1 32 7
4 3 56 5
2 5 56 4
6 1 56 7
3 8 68 8
1 8 68 1
2 5 68 7
1 8 68 10
8 10 49 10
6 1 49 1
1 2 49 7
1 6 49 8
7 10 49 2
5 1 46 2
1 2 46 5
5 10 46 1
5 3 46 10
1 5 9 9
4 8 9 5
3 4 85 9
3 1 85 3
8 10 85 6
2 2 77 8
1 1 77 6
5 4 77 4
5 3 77 9
1 9 77 10
2 2 77 7
3 4 77 5
4 8 77 1
5 3 9 1
2 6 9 2
1 4 9 4
1 7 9 7
3 8 9 6
1 5 86 5
4 3 86 1
1 6 86 8
1 6 1 5
1 5 1 9
1 9 1 7
1 6 85 9
1 5 72 7
14 5 72 5
6 1 72 8
1 6 72 2
1 7 72 3
4 2 34 5
1 9 34 1
3 4 40 10
1 5 40 7
1 4 40 9
3 5 1 6
3 3 1 5
8 8 1 9
4 6 1 4
1 9 1 7
3 3 1 1
3 9 31 1
1 4 31 6
4 7 31 2
1 1 31 7
2 10 92 6
5 10 68 6
3 4 68 10
3 4 68 3
4 2 68 1
12 1 26 6
3 5 26 4
4 1 26 8
3 5 26 10
3 4 32 6
2 10 32 8
11 9 29 10
3 1 29 5
4 1 29 3
3 4 3 1
3 10 3 4
11 8 3 10
11 4 99 4
11 3 99 2
2 10 99 7
2 10 99 10
7 2 99 6
1 1 15 3
2 7 31 2
2 4 31 3
2 1 7 8
7 7 7 2
4 9 7 7
3 5 97 2
4 6 97 6
2 7 97 3
4 3 4 6
4 4 4 3
1 8 4 10
4 3 4 4
4 1 4 3
4 6 4 1
4 3 4 9
3 9 4 3
1 6 25 10
4 1 25 1
8 3 25 3
2 7 25 9
1 3 25 5
2 4 54 9
2 2 54 3
6 9 17 3
4 5 17 7
2 6 17 10
2 8 41 6
5 6 39 7
1 6 39 10
2 1 39 4
4 6 39 6
5 8 39 2
3 4 39 8
1 7 39 3
1 7 39 9
6 7 39 1
1 3 53 2
2 2 53 6
5 5 53 3
1 8 64 7
3 1 64 8
2 10 64 2
2 4 64 6
2 7 64 1
2 1 64 5
2 1 64 3
6 4 56 2
3 9 62 6
1 7 62 1
1 4 62 7
29 2 77 6
2 2 77 10
2 3 77 3
2 1 73 2
16 6 73 10
13 8 73 8
1 4 73 3
1 7 73 5
2 6 37 10
11 1 35 10
10 9 11 4
2 4 11 10
2 3 11 9
2 3 99 7
25 2 96 8
3 3 96 7
10 4 12 3
1 8 12 7
1 8 12 8
1 8 55 3
2 1 30 8
1 8 30 10
9 7 20 9
9 2 20 2
1 6 20 6
8 9 20 5
1 5 20 8
2 10 54 5
2 9 16 9
1 3 16 4
2 6 95 6
2 6 88 1
6 4 88 2
3 9 88 5
1 3 88 6
1 1 26 5
4 4 26 1
6 4 26 4
2 4 26 6
6 4 26 4
6 3 26 3
6 4 26 4
2 4 80 7
1 2 80 3
1 6 80 8
2 4 71 7
2 9 71 9
2 3 71 3
2 10 71 10
3 7 37 7
1 6 37 5
8 5 66 5
1 2 97 7
4 3 97 1
2 1 65 8
1 5 65 10
1 8 65 4
8 3 39 6
3 2 39 5
5 5 16 5
3 9 16 3
3 2 16 7
13 3 27 10
6 10 27 9
6 9 27 4
2 5 27 3
2 10 27 8
6 1 2 5
5 10 2 10
15 3 2 3
4 4 11 2
22 6 56 8
5 10 100 6
5 9 12 1
5 5 12 8
5 2 13 4
13 4 13 3
13 3 13 5
4 2 13 10
11 5 13 3
11 2 13 6
6 6 13 7
2 3 13 1
4 2 57 6
5 2 57 2
8 5 57 3
5 6 5 2
6 3 5 6
1 2 5 5
4 6 48 8
3 3 48 5
19 10 31 2
2 3 35 10
1 2 35 2
5 8 35 4
1 2 92 6
2 3 92 10
6 8 92 4
13 4 82 10
2 3 68 8
4 6 68 2
1 5 57 8
3 2 57 1
1 3 57 4
2 3 57 3
1 7 57 9
1 3 57 10
1 2 57 2
3 3 56 1
6 3 56 6
1 5 56 10
4 6 56 4
1 7 56 7
1 3 56 2
6 3 33 8
5 7 33 1
4 2 33 6
3 2 97 6
6 9 97 1
3 2 97 4
4 2 97 8
2 3 11 5
1 3 11 2
15 10 57 2
1 2 57 9
9 7 57 1
6 3 57 8
1 3 57 4
5 7 68 6
2 3 68 9
2 3 52 10
6 6 52 3
14 8 29 2
15 7 29 3
1 1 29 9
19 6 29 6
8 5 29 1
15 4 36 5
5 3 36 1
16 10 73 2
1 6 4 8
3 7 4 9
12 2 52 8
15 6 52 4
3 6 15 7
7 4 15 6
11 4 15 10
2 1 15 9
5 8 15 8
2 3 15 4
2 3 78 9
1 8 36 10
4 6 36 2
1 7 36 7
1 5 36 8
1 2 36 5
3 6 92 2
1 2 92 4
2 1 18 5
1 8 18 7
18 2 23 10
16 6 23 8
13 10 23 7
11 5 51 7
11 4 83 10
11 3 83 6
7 8 28 6
3 5 28 2
5 2 28 1
2 7 28 9
1 1 4 1
12 10 90 8
2 7 90 2
3 5 90 5
2 5 26 6
2 5 26 10
5 2 77 7
2 5 77 8
7 8 77 6
5 2 18 7
10 9 18 2
4 10 18 10
3 9 17 9
3 6 17 4
4 1 44 3
2 6 44 5
9 8 44 7
9 6 44 9
9 3 44 1
2 3 31 9
1 4 31 1
2 5 37 8
1 3 37 2
1 3 37 6
2 3 37 9
1 10 37 10
2 9 80 7
1 4 33 3
1 9 33 5
1 2 33 4
1 6 1 4
1 5 1 2
3 8 1 10
1 4 1 6
1 7 1 5
1 2 1 7
1 7 1 2
1 8 1 7
1 10 1 4
1 9 63 8
5 9 87 3
10 4 87 10
2 3 87 7
4 10 87 1
3 9 87 8
1 10 87 4
4 1 39 9
1 1 39 3
4 9 39 6
13 9 39 1
1 6 39 2
9 1 6 5
1 7 31 5
1 1 31 7
1 4 31 4
6 10 75 2
5 7 75 9
3 6 75 1
5 3 84 7
1 8 84 8
3 6 84 1
1 4 84 6
1 1 46 7
1 7 46 1
7 4 46 10
3 1 46 9
1 7 54 2
5 2 54 3
1 6 54 6
2 5 54 7
1 1 54 2
2 6 54 8
1 7 54 5
1 9 54 1
1 1 7 1
1 5 7 3
1 2 7 4
10 8 7 8
9 2 60 5
5 9 30 5
4 4 30 6
5 6 30 10
5 4 30 9
4 10 30 3
4 7 4 10
4 2 4 7
4 8 4 2
4 2 4 8
4 1 4 2
4 2 4 1
6 6 4 4
4 10 4 2
4 7 4 10
4 3 4 7
4 9 4 3
5 3 4 9
5 2 35 7
4 4 35 5
4 3 35 2
2 10 35 10
3 6 35 1
15 8 98 8
2 10 98 3
9 2 98 6
1 4 43 4
4 1 43 3
4 1 43 5
3 10 43 2
3 6 43 10
2 10 43 9
1 3 43 8
2 9 46 1
2 5 46 7
14 4 46 10
15 2 32 4
11 1 32 3
1 3 32 2
2 4 18 5
2 1 18 8
1 5 18 1
1 2 18 2
1 2 60 3
1 4 60 6
11 8 66 10
1 3 96 6
1 2 96 9
18 7 80 3
4 1 80 7
1 2 80 4
1 2 80 1
6 6 80 6
1 2 42 5
4 3 83 2
5 2 83 10
1 7 83 9
4 3 83 5
2 9 82 5
2 1 82 1
1 9 41 8
2 9 41 5
8 2 41 9
2 9 41 7
3 7 41 3
16 1 19 3
7 8 19 4
1 2 56 10
1 1 46 5
8 5 46 1
3 1 46 9
1 1 84 4
1 3 84 3
1 1 84 1
1 2 52 8
5 6 52 6
5 9 62 7
11 3 62 9
5 3 62 10
13 8 62 8
3 9 43 10
8 7 43 9
11 2 43 8
2 6 43 2
13 5 43 5
3 2 43 6
3 3 43 7
1 9 39 4
4 5 4 9
6 5 4 3
4 2 4 6
6 1 90 7
3 6 90 10
10 9 90 3
9 6 90 6
1 4 79 4
1 4 96 2
9 3 96 5
2 10 96 6
8 2 96 4
2 4 96 7
8 3 77 3
1 5 77 10
6 3 37 6
2 4 37 1
8 6 37 10
1 9 86 1
2 5 86 7
7 8 86 8
1 2 86 4
3 10 86 6
4 4 86 2
3 9 86 5
2 10 8 9
1 3 33 5
1 6 33 6
2 4 33 7
2 4 62 2
2 5 62 3
5 6 62 4
5 3 62 5
2 10 62 8
5 4 76 6
5 10 67 1
11 5 67 7
2 6 33 10
1 8 33 2
2 7 40 10
1 5 40 2
5 8 40 6
1 5 83 9
2 7 83 7
5 1 5 4
5 7 5 1
8 9 5 8
5 10 5 7
5 2 5 10
5 6 5 2
6 3 5 6
6 2 9 8
3 1 9 3
1 6 9 2
1 2 9 10
5 10 9 6
6 3 83 2
6 2 52 6
3 4 15 2
3 7 15 5
1 5 15 9
3 5 15 3
1 4 15 8
1 6 15 10
8 8 45 7
6 2 45 3
3 6 45 4
1 1 45 9
1 1 45 9
3 6 45 4
6 2 45 3
8 8 45 7
1 6 15 10
1 4 15 8
3 5 15 3
1 5 15 9
3 7 15 5
3 4 15 2
6 2 52 6
6 3 83 2
5 10 9 6
1 2 9 10
1 6 9 2
3 1 9 3
6 2 9 8
6 3 5 6
5 6 5 2
5 2 5 10
5 10 5 7
8 9 5 8
5 7 5 1
5 1 5 4
2 7 83 7
1 5 83 9
5 8 40 6
1 5 40 2
2 7 40 10
1 8 33 2
2 6 33 10
11 5 67 7
5 10 67 1
5 4 76 6
2 10 62 8
5 3 62 5
5 6 62 4
2 5 62 3
2 4 62 2
2 4 33 7
1 6 33 6
1 3 33 5
2 10 8 9
3 9 86 5
4 4 86 2
3 10 86 6
1 2 86 4
7 8 86 8
2 5 86 7
1 9 86 1
8 6 37 10
2 4 37 1
6 3 37 6
1 5 77 10
8 3 77 3
2 4 96 7
8 2 96 4
2 10 96 6
9 3 96 5
1 4 96 2
1 4 79 4
9 6 90 6
10 9 90 3
3 6 90 10
6 1 90 7
4 2 4 6
6 5 4 3
4 5 4 9
1 9 39 4
3 3 43 7
3 2 43 6
13 5 43 5
2 6 43 2
11 2 43 8
8 7 43 9
3 9 43 10
13 8 62 8
5 3 62 10
11 3 62 9
5 9 62 7
5 6 52 6
1 2 52 8
1 1 84 1
1 3 84 3
1 1 84 4
3 1 46 9
8 5 46 1
1 1 46 5
1 2 56 10
7 8 19 4
16 1 19 3
3 7 41 3
2 9 41 7
8 2 41 9
2 9 41 5
1 9 41 8
2 1 82 1
2 9 82 5
4 3 83 5
1 7 83 9
5 2 83 10
4 3 83 2
1 2 42 5
6 6 80 6
1 2 80 1
1 2 80 4
4 1 80 7
18 7 80 3
1 2 96 9
1 3 96 6
11 8 66 10
1 4 60 6
1 2 60 3
1 2 18 2
1 5 18 1
2 1 18 8
2 4 18 5
1 3 32 2
11 1 32 3
15 2 32 4
14 4 46 10
2 5 46 7
2 9 46 1
1 3 43 8
2 10 43 9
3 6 43 10
3 10 43 2
4 1 43 5
4 1 43 3
1 4 43 4
9 2 98 6
2 10 98 3
15 8 98 8
3 6 35 1
2 10 35 10
4 3 35 2
4 4 35 5
5 2 35 7
5 3 4 9
4 9 4 3
4 3 4 7
4 7 4 10
4 10 4 2
6 6 4 4
4 2 4 1
4 1 4 2
4 2 4 8
4 8 4 2
4 2 4 7
4 7 4 10
4 10 30 3
5 4 30 9
5 6 30 10
4 4 30 6
5 9 30 5
9 2 60 5
10 8 7 8
1 2 7 4
1 5 7 3
1 1 7 1
1 9 54 1
1 7 54 5
2 6 54 8
1 1 54 2
2 5 54 7
1 6 54 6
5 2 54 3
1 7 54 2
3 1 46 9
7 4 46 10
1 7 46 1
1 1 46 7
1 4 84 6
3 6 84 1
1 8 84 8
5 3 84 7
3 6 75 1
5 7 75 9
6 10 75 2
1 4 31 4
1 1 31 7
1 7 31 5
9 1 6 5
1 6 39 2
13 9 39 1
4 9 39 6
1 1 39 3
4 1 39 9
1 10 87 4
3 9 87 8
4 10 87 1
2 3 87 7
10 4 87 10
5 9 87 3
1 9 63 8
1 10 1 4
1 8 1 7
1 7 1 2
1 2 1 7
1 7 1 5
1 4 1 6
3 8 1 10
1 5 1 2
1 6 1 4
1 2 33 4
1 9 33 5
1 4 33 3
2 9 80 7
1 10 37 10
2 3 37 9
1 3 37 6
1 3 37 2
2 5 37 8
1 4 31 1
2 3 31 9
9 3 44 1
9 6 44 9
9 8 44 7
2 6 44 5
4 1 44 3
3 6 17 4
3 9 17 9
4 10 18 10
10 9 18 2
5 2 18 7
7 8 77 6
2 5 77 8
5 2 77 7
2 5 26 10
2 5 26 6
3 5 90 5
2 7 90 2
12 10 90 8
1 1 4 1
2 7 28 9
5 2 28 1
3 5 28 2
7 8 28 6
11 3 83 6
11 4 83 10
11 5 51 7
13 10 23 7
16 6 23 8
18 2 23 10
1 8 18 7
2 1 18 5
1 2 92 4
3 6 92 2
1 2 36 5
1 5 36 8
1 7 36 7
4 6 36 2
1 8 36 10
2 3 78 9
2 3 15 4
5 8 15 8
2 1 15 9
11 4 15 10
7 4 15 6
3 6 15 7
15 6 52 4
12 2 52 8
3 7 4 9
1 6 4 8
16 10 73 2
5 3 36 1
15 4 36 5
8 5 29 1
19 6 29 6
1 1 29 9
15 7 29 3
14 8 29 2
6 6 52 3
2 3 52 10
2 3 68 9
5 7 68 6
1 3 57 4
6 3 57 8
9 7 57 1
1 2 57 9
15 10 57 2
1 3 11 2
2 3 11 5
4 2 97 8
3 2 97 4
6 9 97 1
3 2 97 6
4 2 33 6
5 7 33 1
6 3 33 8
1 3 56 2
1 7 56 7
4 6 56 4
1 5 56 10
6 3 56 6
3 3 56 1
1 2 57 2
1 3 57 10
1 7 57 9
2 3 57 3
1 3 57 4
3 2 57 1
1 5 57 8
4 6 68 2
2 3 68 8
13 4 82 10
6 8 92 4
2 3 92 10
1 2 92 6
5 8 35 4
1 2 35 2
2 3 35 10
19 10 31 2
3 3 48 5
4 6 48 8
1 2 5 5
6 3 5 6
5 6 5 2
8 5 57 3
5 2 57 2
4 2 57 6
2 3 13 1
6 6 13 7
11 2 13 6
11 5 13 3
4 2 13 10
13 3 13 5
13 4 13 3
5 2 13 4
5 5 12 8
5 9 12 1
5 10 100 6
22 6 56 8
4 4 11 2
15 3 2 3
5 10 2 10
6 1 2 5
2 10 27 8
2 5 27 3
6 9 27 4
6 10 27 9
13 3 27 10
3 2 16 7
3 9 16 3
5 5 16 5
3 2 39 5
8 3 39 6
1 8 65 4
1 5 65 10
2 1 65 8
4 3 97 1
1 2 97 7
8 5 66 5
1 6 37 5
3 7 37 7
2 10 71 10
2 3 71 3
2 9 71 9
2 4 71 7
1 6 80 8
1 2 80 3
2 4 80 7
6 4 26 4
6 3 26 3
6 4 26 4
2 4 26 6
6 4 26 4
4 4 26 1
1 1 26 5
1 3 88 6
3 9 88 5
6 4 88 2
2 6 88 1
2 6 95 6
1 3 16 4
2 9 16 9
2 10 54 5
1 5 20 8
8 9 20 5
1 6 20 6
9 2 20 2
9 7 20 9
1 8 30 10
2 1 30 8
1 8 55 3
1 8 12 8
1 8 12 7
10 4 12 3
3 3 96 7
25 2 96 8
2 3 99 7
2 3 11 9
2 4 11 10
10 9 11 4
11 1 35 10
2 6 37 10
1 7 73 5
1 4 73 3
13 8 73 8
16 6 73 10
2 1 73 2
2 3 77 3
2 2 77 10
29 2 77 6
1 4 62 7
1 7 62 1
3 9 62 6
6 4 56 2
2 1 64 3
2 1 64 5
2 7 64 1
2 4 64 6
2 10 64 2
3 1 64 8
1 8 64 7
5 5 53 3
2 2 53 6
1 3 53 2
6 7 39 1
1 7 39 9
1 7 39 3
3 4 39 8
5 8 39 2
4 6 39 6
2 1 39 4
1 6 39 10
5 6 39 7
2 8 41 6
2 6 17 10
4 5 17 7
6 9 17 3
2 2 54 3
2 4 54 9
1 3 25 5
2 7 25 9
8 3 25 3
4 1 25 1
1 6 25 10
3 9 4 3
4 3 4 9
4 6 4 1
4 1 4 3
4 3 4 4
1 8 4 10
4 4 4 3
4 3 4 6
2 7 97 3
4 6 97 6
3 5 97 2
4 9 7 7
7 7 7 2
2 1 7 8
2 4 31 3
2 7 31 2
1 1 15 3
7 2 99 6
2 10 99 10
2 10 99 7
11 3 99 2
11 4 99 4
11 8 3 10
3 10 3 4
3 4 3 1
4 1 29 3
3 1 29 5
11 9 29 10
2 10 32 8
3 4 32 6
3 5 26 10
4 1 26 8
3 5 26 4
12 1 26 6
4 2 68 1
3 4 68 3
3 4 68 10
5 10 68 6
2 10 92 6
1 1 31 7
4 7 31 2
1 4 31 6
3 9 31 1
3 3 1 1
1 9 1 7
4 6 1 4
8 8 1 9
3 3 1 5
3 5 1 6
1 4 40 9
1 5 40 7
3 4 40 10
1 9 34 1
4 2 34 5
1 7 72 3
1 6 72 2
6 1 72 8
14 5 72 5
1 5 72 7
1 6 85 9
1 9 1 7
1 5 1 9
1 6 1 5
1 6 86 8
4 3 86 1
1 5 86 5
3 8 9 6
1 7 9 7
1 4 9 4
2 6 9 2
5 3 9 1
4 8 77 1
3 4 77 5
2 2 77 7
1 9 77 10
5 3 77 9
5 4 77 4
1 1 77 6
2 2 77 8
8 10 85 6
3 1 85 3
3 4 85 9
4 8 9 5
1 5 9 9
5 3 46 10
5 10 46 1
1 2 46 5
5 1 46 2
7 10 49 2
1 6 49 8
1 2 49 7
6 1 49 1
8 10 49 10
1 8 68 10
2 5 68 7
1 8 68 1
3 8 68 8
6 1 56 7
2 5 56 4
4 3 56 5
3 1 32 7
4 3 32 5
3 4 32 2
9 5 32 1
5 2 2 5
12 2 2 9
2 9 2 4
5 2 98 2
3 8 98 5
4 7 98 2
2 6 98 1
2 6 98 8
2 5 98 10
2 5 38 7
1 6 38 6
4 10 21 10
4 7 21 8
1 6 21 2
1 2 21 7
4 9 21 3
2 4 21 5
4 7 54 2
3 8 54 1
4 8 28 7
1 4 28 6
5 7 28 9
8 6 41 8
2 1 41 10
4 7 73 3
12 3 73 10
12 7 19 5
12 10 19 9
13 1 19 7
13 4 19 3
13 10 19 10
1 4 19 8
14 1 26 10
15 4 38 4
15 5 38 10
5 2 38 9
3 1 16 1
1 4 16 2
3 1 16 3
15 6 72 6
5 4 72 10
4 7 72 3
1 8 72 7
1 6 2 10
5 5 2 3
5 4 2 4
2 4 11 6
2 4 11 10
11 6 11 5
2 3 7 7
1 4 77 1
1 4 77 2
4 2 77 7
1 4 77 4
2 4 90 1
5 7 90 6
5 8 90 3
2 8 90 10
2 4 90 5
1 7 90 9
1 1 90 2
3 8 28 4
1 7 28 1
1 7 28 5
2 2 36 6
7 2 36 2
11 5 76 9
2 9 89 5
7 7 89 1
1 9 13 8
2 9 13 4
7 7 74 3
1 9 74 2
7 7 74 9
7 8 74 5
1 9 52 10
5 4 52 7
13 1 52 1
8 5 46 8
5 4 46 5
7 7 46 7
1 2 46 1
7 7 46 4
1 2 50 7
7 8 50 10
2 2 50 2
6 7 50 1
11 1 50 8
3 6 50 9
1 3 50 3
13 4 24 4
11 3 24 8
1 9 37 3
5 6 37 7
15 9 69 4
11 4 69 5
11 5 42 2
11 4 42 4
12 8 78 5
1 1 20 2
1 2 20 7
1 10 20 4
2 8 20 10
3 4 20 5
13 1 42 4
13 4 55 3
13 5 55 1
1 3 55 7
1 6 55 2
1 1 55 5
4 4 55 9
1 1 55 7
1 1 55 3
5 6 55 8
3 3 55 2
2 3 89 2
1 3 89 5
3 8 59 2
1 2 59 3
2 9 59 8
2 8 59 6
3 7 81 7
6 6 81 1
7 2 81 10
7 6 25 2
9 6 60 4
7 8 60 6
4 3 60 3
1 2 24 7
6 7 24 3
1 1 24 4
1 1 97 7
2 3 97 8
1 1 97 1
1 6 97 9
2 9 97 4
2 2 97 6
2 1 97 2
4 3 71 10
1 4 16 1
4 4 16 2
1 6 46 8
2 10 46 10
2 4 46 5
2 3 46 3
1 1 46 3
2 9 46 9
1 3 46 9
1 6 7 8
6 6 7 7
7 2 7 3
7 3 7 10
7 7 7 3
12 1 34 3
1 6 34 1
2 2 12 4
1 4 12 3
2 4 12 10
1 8 12 9
15 7 12 7
12 7 12 6
6 1 89 1
6 1 89 9
7 3 50 1
2 4 50 7
4 10 50 2
7 8 50 5
2 7 45 2
4 4 99 2
2 7 99 6
1 6 99 1
1 6 99 3
2 4 99 9
5 9 86 7
9 10 86 6
2 7 23 6
1 6 15 7
8 4 59 4
10 8 59 10
2 4 60 8
6 9 10 1
6 3 42 1
2 4 42 4
2 5 42 7
1 4 42 6
8 10 42 10
3 1 42 9
2 6 42 10
2 5 98 9
1 4 20 10
2 4 20 5
2 8 20 7
2 5 84 6
5 9 12 6
2 10 12 5
7 10 12 7
9 6 8 6
1 2 8 9
4 2 8 4
1 7 8 3
8 1 91 1
3 4 91 8
1 8 85 3
1 5 85 7
3 5 85 4
3 4 85 2
1 5 85 1
3 2 85 9
3 2 85 10
8 10 85 6
1 8 93 3
4 9 62 3
1 4 62 10
5 9 62 5
1 4 16 5
1 5 16 8
1 5 16 5
1 1 18 3
3 4 18 6
1 4 47 8
5 3 47 10
7 7 48 8
1 7 48 3
1 4 48 9
3 5 48 10
2 5 48 2
3 4 95 8
1 5 95 9
1 8 61 6
3 3 89 2
3 2 89 1
1 2 92 5
4 6 92 10
7 4 12 5
1 6 12 9
1 2 12 1
5 10 12 4
5 3 12 10
1 5 73 5
1 7 93 1
1 7 93 4
1 4 93 7
1 6 93 3
1 10 93 8
1 4 38 4
1 7 38 3
1 4 38 5
1 8 38 9
1 4 20 10
2 4 20 4
1 1 50 5
2 7 50 6
10 1 30 1
3 6 30 9
1 1 30 3
2 4 30 10
18 9 30 6
2 6 30 8
1 1 41 10
3 6 41 5
3 7 41 9
1 4 41 1
1 8 41 6
14 7 41 1
10 9 63 2
10 10 32 10
4 9 32 3
10 1 32 1
3 8 32 1
9 2 32 2
1 5 32 5
1 5 32 9
1 8 32 6
3 8 75 3
3 8 75 7
1 8 75 2
4 2 75 10
1 3 75 8
1 8 75 6
1 3 75 1
1 8 4 8
1 10 4 9
2 4 4 1
4 4 4 10
4 3 4 2
2 6 4 4
4 6 4 5
1 7 36 10
1 7 45 1
3 4 94 3
3 4 94 2
10 2 61 8
1 3 61 1
6 9 61 7
6 10 61 3
2 4 14 10
3 4 14 3
12 3 67 1
1 4 67 7
18 3 67 10
3 7 52 5
17 1 52 3
1 3 54 2
1 3 54 1
3 8 54 3
2 7 35 2
5 2 95 3
3 2 95 7
2 7 21 3
1 3 21 2
1 4 21 4
4 1 21 1
3 2 21 10
1 6 51 7
2 8 51 5
2 3 40 10
2 3 40 8
2 6 40 6
2 2 40 2
2 7 40 7
1 6 40 2
1 6 40 4
2 6 68 8
2 7 81 10
2 10 8 7
2 8 8 6
3 7 8 9
2 2 8 2
1 5 8 3
3 8 49 7
22 3 49 1
2 8 49 10
3 2 49 5
2 8 49 8
2 7 49 2
3 8 29 9
4 5 29 8
4 8 29 2
1 1 5 4
1 5 98 2
21 8 58 8
3 1 71 3
7 2 71 7
8 3 85 1
1 5 85 3
2 3 85 4
1 10 85 6
4 10 85 5
1 8 20 5
1 5 20 3
2 4 72 8
4 2 72 6
1 3 28 4
4 5 28 6
1 5 2 7
4 2 89 9
8 4 89 4
9 3 89 3
5 3 52 7
5 6 52 3
1 8 42 8
5 10 66 9
9 4 69 4
1 6 79 9
1 10 79 1
1 6 4 5
1 10 4 8
4 5 4 1
4 2 89 4
4 2 89 7
4 3 82 10
4 4 51 7
4 1 2 8
2 5 2 10
2 8 56 1
5 6 56 5
10 10 56 6
4 8 56 4
2 5 11 9
2 5 11 10
2 2 11 1
4 2 11 4
4 9 11 8
3 3 79 8
3 3 87 2
1 3 87 6
2 2 9 2
1 3 9 6
2 1 9 10
2 2 64 8
17 1 74 1
1 6 74 2
3 3 74 9
1 8 74 10
1 3 76 10
1 5 85 6
2 9 85 5
2 1 89 3
1 10 76 2
23 2 76 8
1 1 76 3
3 10 76 6
1 1 10 5
3 4 10 1
1 3 28 2
5 6 28 1
1 8 28 8
2 9 28 10
3 4 28 7
1 5 2 5
1 3 2 6
25 2 2 2
1 5 2 10
1 8 54 9
2 3 54 1
24 9 78 5
1 6 19 9
5 1 19 2
3 5 19 6
1 10 19 10
6 4 19 4
3 7 19 5
1 6 24 1
1 1 24 9
1 1 24 6
2 3 58 6
4 7 32 3
3 4 28 1
2 6 28 4
3 3 28 10
1 8 28 9
1 10 18 5
3 5 18 7
2 1 30 5
2 1 30 4
2 3 30 9
3 10 30 10
3 3 30 6
6 5 17 9
4 10 17 7
3 7 17 1
4 1 17 5
3 7 84 4
3 7 84 7
5 1 73 8
22 5 73 1
4 9 73 6
5 2 73 2
1 2 73 9
9 9 92 5
3 5 19 1
1 5 25 6
14 6 25 8
4 8 25 1
4 9 53 4
1 4 48 4
6 1 48 6
1 2 48 7
6 5 48 5
7 4 48 1
4 9 48 2
5 6 48 3
5 10 3 2
10 6 3 6
7 6 3 9
3 2 9 3
6 4 34 5
3 6 34 4
7 4 34 3
3 2 19 5
6 5 38 9
1 3 38 1
6 9 38 8
6 10 96 9
7 7 100 6
3 9 23 2
6 4 23 8
3 9 23 1
6 4 23 4
8 2 23 3
6 5 23 5
3 8 54 9
1 10 54 8
1 5 87 6
8 4 87 9
1 2 10 7
3 9 10 9
1 7 10 1
2 4 10 6
1 5 10 8
3 10 10 10
1 9 10 5
1 7 10 2
3 9 23 10
1 5 48 1
1 7 48 6
3 10 48 8
2 4 48 9
2 7 95 10
1 9 21 9
3 1 21 1
3 8 21 8
3 2 21 2
3 6 21 6
1 5 21 2
3 6 21 6
1 8 21 4
3 4 21 7
1 3 75 1
5 5 75 9
1 3 75 7
2 4 75 8
1 3 7 6
2 6 7 8
2 3 7 1
3 1 7 10
1 7 7 5
1 8 7 4
1 9 75 7
2 6 75 6
1 6 75 5
1 7 26 7
1 2 26 1
1 9 40 1
1 2 40 8
5 4 40 2
1 2 40 6
5 9 40 9
27 7 30 7
1 7 71 5
2 1 71 1
2 3 71 3
1 1 71 10
2 4 71 4
1 3 71 8
1 6 71 4
1 7 24 10
1 5 27 5
1 4 27 10
1 6 27 6
1 6 27 7
1 6 27 6
1 5 27 5
1 5 27 5
1 6 27 6
2 10 24 10
1 9 21 3
1 7 52 6
2 6 52 2
8 10 21 2
4 9 21 6
2 4 21 7
1 10 45 2
2 6 73 9
1 5 73 8
1 1 51 9
2 3 51 7
1 1 51 5
4 2 27 6
12 10 27 10
4 10 20 7
2 2 20 8
2 9 52 6
9 1 52 7
1 3 56 9
3 4 43 1
9 9 43 7
5 10 8 5
9 2 48 4
3 6 35 6
3 1 35 1
3 10 35 10
1 3 35 2
1 4 2 7
1 4 2 9
2 6 2 3
2 9 2 5
1 5 2 8
1 5 78 6
1 4 78 4
1 5 78 7
11 3 98 6
1 1 2 7
1 1 2 5
1 7 2 4
4 3 88 1
2 3 88 8
1 7 88 6
1 8 88 3
5 10 88 10
1 7 88 7
3 4 4 3
1 8 12 8
2 7 12 5
1 3 12 2
2 9 11 9
5 8 11 8
3 7 34 4
12 2 34 2
1 1 34 5
1 10 34 6
1 2 61 6
14 2 61 10
6 3 46 3
1 1 46 7
12 10 67 2
1 1 67 1
4 2 67 6
15 2 67 10
1 4 67 4
5 2 67 8
3 6 55 10
1 3 55 5
1 3 55 9
1 5 94 6
1 2 94 8
1 2 55 1
1 2 55 3
6 2 55 6
1 7 55 4
6 6 55 8
1 6 55 7
15 8 55 2
10 2 88 2
4 1 88 7
1 2 88 5
2 9 88 9
3 7 88 8
1 10 88 10
4 7 88 3
1 3 82 3
1 4 82 6
1 3 82 3
1 5 82 9
1 6 69 2
1 4 69 5
1 4 89 8
6 1 89 4
3 7 89 9
4 6 89 7
1 7 28 7
6 3 28 1
1 4 28 4
1 4 43 2
1 4 43 4
8 7 77 7
1 4 77 2
5 5 77 3
4 6 77 10
8 8 77 9
3 5 78 7
6 6 78 4
9 8 78 3
1 2 78 5
1 5 78 9
1 10 78 10
1 9 27 7
10 9 27 5
1 6 27 8
1 6 27 4
6 9 27 6
5 1 27 10
16 1 92 7
1 6 92 1
6 3 76 1
3 4 76 7
1 9 76 8
1 6 86 6
1 9 86 2
15 1 86 1
8 8 86 1
2 7 86 8
6 4 86 5
20 7 8 7
1 6 8 10
1 9 69 4
11 8 69 9
8 8 69 7
15 1 41 7
21 6 41 8
12 3 41 5
1 1 49 2
1 6 61 6
5 1 100 10
1 7 46 5
10 9 46 1
15 3 34 3
1 8 98 5
2 3 98 4
2 10 98 3
3 2 98 10
1 8 39 6
20 10 39 8
8 10 39 10
3 6 64 8
1 3 64 5
3 7 64 4
11 10 52 1
3 10 52 2
4 2 35 3
4 6 34 7
4 10 14 1
1 3 14 8
1 10 14 10
1 5 12 5
22 9 12 8
1 2 12 9
5 10 20 6
6 2 20 1
6 3 20 8
2 1 20 3
6 4 40 1
30 1 79 9
2 2 79 8
6 10 96 7
17 3 13 10
7 4 48 4
1 7 36 9
1 9 36 6
3 2 36 7
1 2 36 2
1 10 36 10
15 5 6 8
1 2 6 6
2 3 6 3
2 4 6 7
2 5 6 2
7 5 6 4
1 10 63 3
8 7 63 7
2 3 63 8
2 3 63 2
6 10 63 1
2 6 58 3
30 7 54 1
2 1 54 3
7 8 54 2
1 10 54 9
2 6 54 10
3 10 54 8
2 4 7 1
6 4 7 5
2 5 7 4
6 10 7 3
7 3 87 8
1 10 87 5
1 10 87 4
2 1 87 10
9 10 44 5
4 1 44 6
4 1 44 2
2 6 44 10
3 3 44 7
8 2 44 1
7 3 44 3
2 7 29 3
1 3 29 8
1 3 29 9
10 3 29 5
2 1 29 7
1 1 29 2
13 8 10 5
2 6 10 6
1 3 10 4
1 1 10 9
2 8 10 8
8 10 10 3
2 1 91 1
2 4 89 2
2 9 89 10
1 9 89 6
2 7 89 7
10 5 7 2
31 1 7 7
10 3 7 4
2 9 7 9
1 9 56 7
7 2 56 5
3 1 52 2
3 3 52 8
2 7 52 7
1 3 52 10
2 6 52 1
3 2 32 8
2 4 52 8
29 5 52 3
7 7 52 7
1 4 72 6
4 9 72 4
3 10 72 10
16 5 28 10
4 7 28 5
2 4 28 6
1 1 28 9
1 1 62 4
3 2 67 9
3 4 8 8
5 3 71 7
1 3 71 6
3 1 71 1
2 9 71 5
3 2 71 9
1 3 59 10
2 10 19 8
3 4 16 8
3 2 16 10
4 7 16 4
10 2 16 3
1 5 16 7
1 4 83 2
1 4 83 1
1 2 79 6
1 2 79 9
1 4 84 4
7 5 84 3
1 4 84 8
2 3 84 2
2 3 54 4
2 3 54 5
2 3 34 6
2 10 34 9
3 2 34 5
2 10 34 8
2 10 7 3
3 2 7 4
11 7 7 5
7 4 7 1
2 9 94 3
2 1 94 1
11 3 94 6
7 5 93 9
17 2 93 2
15 3 24 1
7 1 24 9
1 1 95 1
1 1 95 10
4 2 95 2
2 10 95 6
4 5 95 8
1 5 94 3
1 9 94 7
21 6 63 2
1 9 63 5
1 9 63 3
4 3 63 1
2 1 63 10
2 1 63 7
2 10 63 4
4 2 63 8
2 9 89 9
1 4 99 10
2 3 23 6
1 4 49 9
2 3 14 6
5 3 14 5
2 3 16 6
1 4 28 9
2 3 28 3
2 10 28 10
7 5 72 8
7 6 72 2
3 4 72 4
7 8 72 10
3 5 72 3
2 5 31 6
7 9 5 5
5 5 74 10
1 9 7 6
4 5 95 10
3 6 95 4
4 8 71 1
1 8 71 2
1 8 71 3
1 8 71 7
3 6 71 8
1 5 71 9
1 5 89 4
3 5 89 5
3 7 89 7
3 5 89 2
3 8 89 6
3 9 14 4
4 8 14 5
3 2 51 8
2 1 51 7
1 4 24 9
4 2 24 3
1 10 21 10
1 3 21 3
1 9 21 9
1 7 21 7
1 2 21 2
1 3 21 10
1 5 21 5
1 4 21 5
1 9 54 10
1 6 20 6
15 2 20 2
2 1 20 3
3 4 20 4
2 1 99 4
1 5 99 10
22 4 71 2
5 6 71 1
3 2 71 3
1 6 71 9
2 6 71 6
4 1 69 7
3 10 69 3
4 5 69 10
4 7 85 9
4 9 31 10
4 10 19 3
1 7 19 4
5 1 19 7
1 9 19 2
5 6 46 6
5 2 1 6
1 10 1 5
6 8 1 8
1 5 1 4
1 6 1 1
1 1 48 10
1 1 48 8
25 8 48 2
5 3 48 5
1 5 78 10
3 8 78 6
6 5 42 9
4 8 42 7
1 4 30 7
2 1 30 1
1 7 20 5
1 3 20 4
5 4 3 10
29 2 3 2
3 5 3 1
2 6 3 4
3 3 8 3
3 5 8 5
3 10 6 8
5 6 6 3
4 4 6 9
1 2 6 10
1 3 6 2
1 3 96 2
3 2 51 2
3 2 41 1
1 9 41 6
15 5 41 8
1 9 25 3
5 6 25 4
3 2 95 1
3 3 95 10
30 2 95 2
5 8 95 6
5 9 75 6
1 9 47 6
