100 10 3000
gaigdqddbd
gaigdqbabd
gaigdqbbbd
gaigcqccbd
gaigcqbbbd
gaigcqddbd
gaigaqbbbd
gaigdqbabd
gaigdqadbd
gaigcqcabd
gaigdqbabd
gaigcqbbbd
gaigcqacbd
gaigaqcbbd
gaigcqacbd
gaigaqcbbd
gaigdqddbd
gaigaqcabd
gaigaqbbbd
gaigaqadbd
gaigaqdbbd
gaigaqbcbd
gaigcqacbd
gaigaqabbd
gaigbqcbbd
gaigaqcabd
gaigbqbdbd
gaigaqcbbd
gaigbqccbd
gaigcqccbd
gaigbqdbbd
gaigcqddbd
gaigaqbdbd
gaigdqcdbd
gaigaqdbbd
gaigbqdabd
gaigbqbbbd
gaigaqbdbd
gaigbqccbd
gaigaqaabd
gaigcqcdbd
gaigaqadbd
gaigdqbabd
gaigcqacbd
gaigbqacbd
gaigcqbbbd
gaigcqdcbd
gaigaqdabd
gaigdqbcbd
gaigbqbdbd
gaigcqdbbd
gaigbqdbbd
gaigaqccbd
gaigbqacbd
gaigdqbcbd
gaigbqaabd
gaigdqcdbd
gaigbqccbd
gaigbqcdbd
gaigaqdabd
gaigdqbabd
gaigaqddbd
gaigbqdcbd
gaigaqacbd
gaigcqaabd
gaigbqbabd
gaigbqacbd
gaigaqcbbd
gaigcqddbd
gaigcqdcbd
gaigcqcabd
gaigcqcdbd
gaigcqacbd
gaigaqadbd
gaigcqcdbd
gaigcqdabd
gaigcqabbd
gaigbqadbd
gaigcqdcbd
gaigbqbcbd
gaigdqdabd
gaigdqcdbd
gaigcqadbd
gaigbqadbd
gaigaqcbbd
gaigdqbbbd
gaigdqdbbd
gaigaqacbd
gaigdqcbbd
gaigcqdcbd
gaigaqdbbd
gaigaqcdbd
gaigdqbdbd
gaigcqcdbd
gaigbqccbd
gaigdqbdbd
gaigaqacbd
gaigbqbdbd
gaigdqabbd
gaigaqcbbd
53 8 89 8
84 7 67 8
22 8 58 5
92 8 61 5
92 7 38 8
80 5 43 8
23 7 47 8
60 7 74 8
14 7 47 8
66 8 2 5
12 5 35 5
48 5 43 5
32 5 49 7
91 7 74 7
73 8 1 8
26 7 22 8
20 8 70 5
71 7 85 5
71 7 12 7
54 5 24 7
72 5 13 8
39 8 9 8
61 8 84 7
57 7 89 7
10 8 73 7
9 5 35 7
46 5 50 8
73 5 9 7
74 8 35 5
43 5 83 5
18 8 19 5
60 7 73 5
45 7 65 5
100 7 63 8
64 7 85 8
94 8 83 5
17 7 41 5
75 5 55 8
73 8 8 5
32 5 21 7
86 8 1 5
15 8 18 5
54 5 28 8
62 8 50 7
42 7 46 8
52 7 56 5
16 5 79 8
100 7 60 7
61 7 8 5
77 7 1 7
81 7 71 8
73 7 46 5
43 7 15 8
71 7 92 8
71 8 78 7
38 8 11 5
70 5 78 5
78 7 29 5
51 8 9 7
6 5 27 7
41 8 22 5
13 8 17 7
46 8 36 7
98 7 13 5
90 5 60 5
40 5 45 5
6 7 84 5
10 8 57 7
30 7 57 8
25 7 17 7
52 7 36 7
49 7 41 5
100 7 36 7
80 8 38 8
21 8 48 7
56 5 62 8
71 8 49 8
65 8 7 5
42 8 74 8
14 8 87 7
22 7 40 5
77 8 38 8
86 8 41 5
2 5 68 7
68 8 56 7
62 8 87 5
60 5 72 8
58 7 28 7
67 7 95 7
33 7 76 8
16 5 32 5
99 8 39 7
46 8 63 5
50 7 2 7
73 8 62 7
41 5 26 5
73 8 98 7
74 5 2 7
33 7 39 7
30 8 55 5
69 8 50 7
3 7 47 8
60 8 16 7
41 7 23 5
21 7 64 7
17 8 98 5
37 8 96 8
2 5 84 8
34 5 25 5
23 7 70 7
85 5 74 8
97 8 91 7
6 7 14 5
12 7 47 7
94 7 7 5
90 8 8 7
85 8 8 8
77 7 29 8
2 8 25 7
67 5 34 8
100 5 79 8
78 8 68 8
74 8 26 8
85 7 38 7
45 7 52 5
80 7 72 7
48 5 77 7
63 7 49 7
79 7 35 5
3 8 33 5
10 5 100 7
89 8 33 8
84 7 94 7
17 8 93 7
21 8 31 5
31 7 24 5
58 7 19 5
51 7 47 5
46 8 82 7
14 7 68 5
13 7 26 7
70 8 65 8
47 8 78 7
1 8 21 7
91 8 7 7
54 5 61 7
94 5 58 5
25 7 6 7
32 8 73 7
37 5 13 7
90 5 20 8
92 7 54 5
61 8 72 8
32 7 28 7
85 7 100 5
6 7 93 7
17 8 19 5
83 7 88 5
7 8 3 5
56 7 63 5
35 5 58 8
37 7 45 8
96 8 31 7
75 8 36 5
6 5 34 7
21 7 86 5
40 5 75 7
89 7 62 5
19 7 43 7
22 5 65 7
52 7 80 7
65 7 85 5
70 5 58 8
84 5 94 5
55 8 18 7
12 8 91 7
82 8 63 8
28 7 75 7
6 8 88 5
73 8 35 7
45 5 72 8
65 5 10 7
79 8 3 5
45 7 80 7
95 7 32 5
59 8 30 8
17 8 43 5
30 5 43 5
67 5 37 8
46 5 61 7
63 8 2 8
34 7 9 7
40 5 16 7
45 5 4 8
47 7 51 7
93 8 36 5
24 8 57 7
17 7 47 5
49 5 61 8
21 8 78 7
93 8 61 5
64 7 75 7
25 5 4 7
40 8 41 5
98 8 21 5
67 8 79 8
39 5 90 5
67 7 8 7
68 5 32 5
6 8 50 8
54 5 86 8
26 8 29 8
49 5 42 7
73 8 41 7
82 7 34 8
93 8 44 7
27 7 10 8
11 8 40 8
77 7 14 8
95 7 19 8
12 7 73 8
65 5 48 7
33 7 72 5
67 7 7 8
16 8 32 8
24 8 92 5
57 7 53 5
23 5 35 8
7 5 59 8
58 7 20 5
91 7 14 7
72 7 55 5
87 5 80 7
23 8 57 8
62 8 15 5
49 8 31 5
90 5 92 8
11 8 95 5
60 5 59 8
65 8 15 7
46 5 84 5
41 8 21 7
35 7 33 5
64 5 59 8
50 7 15 7
61 8 47 5
57 5 79 7
45 8 22 8
5 8 84 7
4 8 9 8
42 8 87 8
45 7 60 5
26 7 15 7
14 7 26 8
4 5 62 8
35 7 63 8
98 5 99 8
59 7 38 8
76 8 65 5
76 7 68 5
35 7 25 7
50 5 52 8
13 8 60 7
74 5 45 8
95 7 26 8
63 8 64 7
80 5 12 5
32 5 29 8
54 5 51 7
2 5 85 7
44 7 15 7
11 5 3 8
81 7 13 8
28 7 62 5
73 7 97 5
26 5 21 7
71 8 37 5
22 7 96 7
63 5 54 5
9 5 76 5
89 5 35 7
96 8 71 7
68 5 88 8
8 7 96 5
85 5 59 7
55 8 91 8
45 8 11 8
87 8 18 7
4 8 79 7
50 5 16 7
55 7 46 8
41 5 83 8
41 5 46 8
89 7 8 8
18 7 56 8
25 5 33 8
11 7 24 7
91 8 53 5
98 5 88 5
70 5 4 7
49 5 53 7
60 5 76 5
83 5 61 5
93 5 66 7
41 8 22 5
26 7 43 5
82 7 40 7
95 5 84 8
36 5 26 7
1 5 4 5
17 8 64 5
29 5 32 8
5 5 79 7
73 8 37 5
28 8 23 8
6 8 26 8
52 7 47 7
3 8 19 7
82 5 32 8
15 8 43 7
21 8 92 7
28 8 7 8
29 8 59 7
84 7 43 5
90 8 23 8
41 7 29 8
12 8 92 8
34 7 72 8
63 7 98 7
4 5 100 8
58 7 23 5
17 8 52 8
74 8 70 5
50 5 14 8
58 8 77 7
48 7 35 5
32 8 98 7
49 7 98 5
20 7 44 7
48 7 30 7
51 5 46 7
12 5 79 7
7 5 1 7
35 8 59 7
57 5 65 5
62 5 28 7
24 5 65 7
46 7 66 5
11 7 34 7
64 5 62 5
14 7 53 7
63 5 91 8
55 8 76 7
3 7 90 8
54 5 73 8
38 5 95 7
28 5 44 5
57 5 16 7
20 5 41 7
31 5 40 8
67 8 80 8
69 8 10 8
82 8 99 7
93 5 17 8
12 5 45 5
12 8 79 5
19 7 15 7
6 8 69 7
48 7 46 7
55 7 92 5
90 8 60 5
28 5 30 7
75 8 19 7
97 8 2 7
16 7 33 7
1 8 7 8
4 5 87 8
30 5 3 8
14 5 56 5
86 7 58 8
28 7 92 5
93 8 65 5
49 8 60 7
66 5 75 5
13 5 14 7
68 7 76 8
32 5 18 5
27 5 3 5
94 7 24 5
89 7 70 5
29 7 28 8
2 7 37 5
3 7 46 5
21 5 20 5
37 7 75 8
30 8 47 5
71 7 96 7
17 7 59 5
86 5 36 8
25 5 57 8
54 5 59 7
30 8 50 7
25 7 49 7
96 8 99 5
46 8 41 7
99 8 78 7
66 7 99 5
7 5 27 8
37 5 67 8
17 7 63 5
11 8 14 5
12 5 73 7
13 5 6 7
36 8 27 5
25 5 74 5
100 8 13 7
79 7 76 8
90 8 87 8
100 5 80 5
5 7 89 7
46 5 88 7
14 7 79 7
5 7 78 7
90 5 64 8
92 8 48 8
35 7 2 5
33 5 47 7
35 7 67 8
55 8 37 7
68 5 49 5
79 8 79 7
95 5 22 7
70 5 55 8
8 8 55 5
53 8 41 5
8 5 86 7
22 5 34 8
35 8 91 8
21 7 39 5
60 8 24 8
30 7 22 5
28 7 81 5
21 5 8 5
45 8 87 7
73 5 26 5
16 5 19 8
9 5 6 7
29 8 6 8
79 5 88 5
20 5 78 8
37 5 6 8
93 7 17 7
42 8 6 8
76 7 97 5
54 8 98 7
43 7 42 5
19 7 76 7
82 7 78 5
94 8 87 5
93 5 20 8
68 8 43 5
92 5 7 8
62 7 99 8
40 7 20 5
47 8 24 8
54 5 52 8
38 8 50 5
69 7 32 5
74 8 5 5
11 7 63 7
61 7 92 5
11 7 97 7
72 7 73 5
76 8 94 7
43 5 9 7
40 5 48 7
52 8 59 7
74 5 42 8
86 5 63 7
11 7 46 5
18 7 42 5
87 7 30 8
90 8 4 5
51 7 47 5
57 8 25 5
18 8 3 7
17 7 53 7
98 5 55 5
48 5 68 5
50 5 69 8
72 7 62 8
8 5 14 7
38 7 45 7
99 5 13 7
65 5 12 5
19 5 4 5
23 5 41 7
10 8 70 7
31 8 34 8
48 7 33 7
30 8 4 7
69 5 58 5
21 5 37 7
92 7 80 5
21 8 12 5
33 7 56 7
90 5 20 5
5 7 63 7
19 8 73 8
30 8 56 8
44 5 74 8
53 5 53 7
16 7 95 7
51 5 72 7
43 7 19 5
81 8 56 5
28 8 97 8
4 7 12 8
37 5 3 5
7 7 39 8
86 8 23 5
94 7 82 5
100 7 6 8
61 8 71 8
19 7 72 5
35 5 7 8
61 8 58 5
96 8 76 8
99 5 60 8
42 5 94 5
51 8 71 7
41 7 8 5
79 5 100 8
59 7 3 7
60 7 45 8
21 5 29 5
89 5 8 5
53 7 46 7
16 8 47 7
6 7 22 7
21 5 1 8
55 7 34 7
78 7 91 8
71 5 13 8
72 5 34 5
79 7 66 5
64 8 50 8
71 5 22 5
22 5 3 5
36 8 27 7
69 7 15 7
28 7 86 8
19 5 93 8
58 5 58 7
7 7 98 8
19 5 44 8
46 5 97 7
23 5 61 8
76 8 16 7
1 7 82 7
75 5 32 8
89 7 62 5
59 7 45 7
89 5 99 5
95 7 88 7
49 8 20 8
35 5 88 7
21 5 86 5
69 8 74 7
87 5 83 7
79 8 84 7
83 8 95 5
34 5 27 5
98 7 4 8
43 5 90 7
28 7 76 8
1 5 88 8
70 5 65 8
49 7 57 7
51 7 27 5
53 7 4 8
8 8 78 8
20 5 55 7
30 5 23 8
10 7 3 8
67 7 50 7
6 8 2 7
29 8 8 7
63 8 13 5
90 5 67 5
21 5 36 8
58 7 5 5
59 8 50 7
52 5 34 5
35 8 92 8
99 8 12 5
24 7 82 8
100 8 6 5
42 5 84 7
40 7 9 8
58 7 20 8
53 5 70 7
61 7 38 8
1 8 53 8
34 7 59 5
65 5 17 5
1 7 31 7
39 7 26 5
97 7 16 8
37 7 82 7
71 5 94 5
47 5 84 5
95 5 38 5
54 5 74 5
57 8 23 7
100 8 39 7
6 7 8 8
89 5 86 8
79 8 2 5
85 5 80 5
69 7 25 7
99 7 56 8
79 8 29 7
19 8 52 5
59 8 71 5
56 8 58 5
11 5 44 5
75 7 19 7
44 8 67 7
74 5 95 8
23 5 4 5
55 8 7 8
78 8 84 8
94 5 25 8
20 5 34 7
52 8 81 5
47 7 100 7
94 5 91 7
47 5 5 5
63 8 77 8
60 5 81 5
57 5 47 5
80 5 11 7
91 7 6 8
57 5 22 7
64 7 36 5
92 5 31 7
7 8 80 7
12 8 74 5
20 7 83 8
45 7 18 8
23 8 68 8
89 7 88 8
75 5 6 7
36 5 76 7
55 7 17 8
90 8 85 7
67 8 33 7
50 7 50 8
70 7 78 7
18 5 90 7
95 5 76 8
51 8 81 8
49 7 37 5
22 8 12 7
45 5 66 5
67 8 53 5
31 5 23 5
64 5 7 7
82 5 100 7
80 5 65 5
2 7 20 5
32 8 19 8
84 8 17 5
21 7 42 5
17 7 83 7
41 8 45 5
44 8 28 8
45 5 4 7
23 8 24 5
94 8 37 7
53 7 6 5
47 7 67 5
1 7 82 7
26 8 32 7
11 5 78 7
81 5 3 7
78 7 75 8
12 7 93 5
50 7 28 5
47 5 21 8
2 7 5 8
88 7 59 8
36 7 47 8
1 5 57 8
31 8 83 7
27 7 98 5
25 7 2 8
22 8 87 5
44 5 13 8
72 8 52 8
98 7 34 7
42 8 97 5
31 8 26 5
23 7 79 8
32 8 61 7
48 5 47 7
11 5 33 8
36 7 2 8
87 7 67 5
15 7 60 5
37 5 20 8
98 7 86 7
98 8 34 5
80 8 66 8
50 8 60 8
13 7 16 5
34 5 54 5
65 5 28 5
48 8 93 7
30 8 72 5
5 7 12 7
30 8 62 5
21 8 2 8
18 5 88 5
94 5 60 8
88 5 42 8
86 8 21 7
44 7 57 7
20 7 69 5
30 5 63 5
64 7 99 5
38 5 22 7
81 7 86 5
79 5 3 5
23 7 33 5
41 8 24 8
44 8 3 8
17 7 92 5
42 7 66 5
87 5 52 7
89 8 6 8
8 5 41 8
25 8 14 8
89 7 18 8
72 8 36 5
79 7 85 5
50 7 36 8
39 7 16 7
21 7 94 7
86 5 80 7
45 5 13 7
30 5 50 7
37 7 26 7
62 8 60 5
47 8 41 5
8 7 59 8
4 7 12 8
43 5 72 7
84 8 25 7
26 8 92 7
17 5 59 5
70 5 68 7
60 7 45 7
3 7 20 5
31 8 6 5
29 7 46 7
70 8 37 8
28 7 46 7
4 8 89 8
8 5 20 7
16 8 46 5
65 5 33 5
38 5 74 7
19 5 85 7
21 7 56 5
53 8 93 7
33 7 75 7
46 7 73 8
70 7 92 7
24 7 56 7
81 5 6 7
90 5 10 8
18 8 27 8
72 7 63 8
89 8 10 8
34 8 54 8
45 5 27 8
34 7 25 5
30 8 67 5
76 8 7 5
33 5 52 5
66 5 40 7
49 7 3 5
8 5 36 5
14 5 30 8
54 5 61 8
27 8 30 8
36 5 95 8
46 5 9 5
100 8 83 5
37 5 58 5
45 7 70 5
99 5 23 8
83 8 21 5
50 5 100 8
94 7 56 5
16 7 80 8
14 8 22 8
79 5 95 5
64 5 91 8
65 8 41 5
62 5 58 5
57 8 17 8
24 5 8 8
39 7 99 7
72 7 20 8
66 8 49 7
91 7 62 7
3 8 62 8
19 8 9 7
25 7 29 8
88 8 75 8
73 7 97 7
16 7 81 7
81 5 80 7
41 5 6 5
67 8 80 8
88 7 92 8
20 8 93 8
67 8 6 7
2 8 14 5
46 7 90 7
69 5 13 7
18 8 76 8
7 5 69 8
60 8 36 7
29 7 73 7
31 8 75 5
40 5 77 7
66 7 5 5
18 8 13 5
40 7 6 5
74 7 47 7
34 5 2 7
26 8 55 5
81 7 98 5
27 5 44 7
48 8 73 5
85 8 28 5
33 7 30 7
76 8 65 5
66 8 55 5
61 7 87 7
36 8 90 8
33 7 23 7
95 5 35 5
14 8 52 5
81 7 78 8
42 8 46 7
52 8 46 5
32 8 52 5
41 5 23 7
45 5 86 7
72 8 52 7
55 8 78 5
7 8 37 5
34 8 66 8
63 8 60 5
11 7 6 5
28 8 46 7
32 5 83 7
86 5 38 8
15 7 25 5
13 7 77 5
94 8 80 5
92 7 79 5
85 5 15 8
61 7 83 7
65 5 5 5
43 8 41 5
66 7 73 7
49 7 55 8
35 5 6 7
84 8 99 8
66 7 87 5
22 5 75 5
79 7 70 8
11 5 34 5
7 5 63 7
70 5 80 8
85 7 46 5
96 8 63 8
2 5 75 7
49 8 58 5
80 8 52 8
85 8 33 5
96 8 73 5
53 7 94 5
91 5 4 7
66 7 49 5
23 8 36 7
94 8 53 5
4 8 54 5
87 7 82 8
6 5 28 5
73 7 21 8
24 8 55 5
55 5 98 5
34 5 100 5
4 5 7 7
12 8 68 7
49 7 29 7
8 8 84 8
56 8 14 8
20 8 45 5
43 7 31 7
82 7 8 8
66 5 8 8
75 7 42 7
70 5 13 8
49 7 47 5
12 5 53 7
98 8 58 5
88 8 13 5
72 5 76 7
35 7 2 7
43 8 95 7
8 5 66 7
65 8 53 7
5 5 45 8
2 8 16 5
28 7 67 5
94 8 19 7
72 5 4 8
98 7 26 5
44 8 27 7
79 5 23 8
19 7 42 5
9 7 38 5
56 5 26 5
97 8 26 8
29 8 69 7
94 7 20 5
47 5 46 5
68 5 31 7
72 7 53 8
90 8 75 8
53 8 7 5
32 5 75 7
43 5 58 7
77 7 71 8
17 7 72 8
2 7 59 7
11 5 84 7
59 7 76 5
82 8 94 8
20 7 30 5
87 7 65 8
87 8 30 7
1 5 37 8
96 7 64 8
48 5 87 8
63 7 10 5
55 5 82 5
63 7 88 7
52 5 41 7
70 8 54 5
91 5 83 8
47 7 7 5
94 5 8 8
69 5 74 5
7 5 63 7
51 8 89 7
30 5 38 8
44 5 37 5
71 8 1 8
8 5 21 5
81 5 68 5
93 7 58 5
21 8 25 7
66 7 41 8
31 7 20 8
8 8 22 8
22 8 81 8
53 7 60 5
80 7 40 8
50 7 9 7
86 7 94 5
34 8 19 5
38 8 45 5
66 8 95 7
27 8 21 8
80 8 53 7
44 5 49 8
58 7 57 5
50 5 5 7
76 7 93 7
37 5 87 5
34 5 84 5
56 8 13 8
17 5 59 8
7 8 32 5
88 5 67 8
23 5 54 7
46 5 21 5
8 8 24 7
59 7 30 8
94 7 47 5
5 8 49 7
80 7 27 5
45 7 88 7
94 8 26 7
46 8 83 7
6 8 13 7
42 7 49 8
95 5 81 8
29 5 72 7
50 8 91 7
79 8 30 8
55 5 86 7
69 8 39 7
51 5 1 5
49 5 70 7
50 5 81 8
4 5 10 5
100 7 13 7
42 5 68 7
6 8 19 5
57 8 56 5
56 5 40 5
62 7 86 7
18 5 48 5
9 5 27 5
40 8 80 8
100 8 94 5
12 8 32 5
39 7 80 7
20 5 33 7
19 5 5 5
4 5 84 8
62 7 38 5
17 5 60 7
54 8 18 5
1 7 1 8
81 7 15 8
47 7 86 7
42 7 26 7
61 8 65 7
2 7 26 7
38 8 12 7
81 5 9 8
10 7 95 8
9 7 7 7
44 8 76 8
53 5 28 5
92 7 36 8
61 5 14 8
78 7 52 7
60 5 3 8
97 8 13 8
19 5 54 7
81 5 88 7
16 8 78 5
13 5 38 8
3 5 66 5
17 7 19 8
21 5 80 7
44 7 58 7
64 8 90 8
78 5 78 8
7 5 79 7
68 5 54 5
19 5 23 5
93 5 91 7
22 7 59 5
68 8 7 8
49 7 7 7
36 7 55 5
86 7 24 7
78 7 62 7
36 8 77 8
19 7 45 5
55 5 74 8
33 7 85 7
43 5 35 5
41 5 83 8
6 5 38 7
51 7 5 5
33 7 17 7
13 7 7 5
32 5 49 8
85 7 52 8
86 8 57 5
91 8 33 5
22 8 34 8
91 8 69 8
85 8 23 7
81 8 21 5
69 5 63 7
14 5 28 8
36 7 44 7
29 8 33 5
19 8 9 8
78 5 83 5
57 7 13 8
85 5 33 8
95 5 33 5
60 8 45 5
41 7 41 5
25 5 100 7
8 7 43 5
25 5 42 7
6 7 65 7
97 7 24 5
56 5 5 8
1 8 15 5
7 5 40 7
39 8 83 5
25 7 32 7
73 5 37 8
53 7 5 7
80 5 14 8
70 8 47 5
13 5 68 7
7 8 76 5
10 7 75 5
6 8 81 8
17 7 69 8
25 7 79 7
93 7 13 7
11 8 96 7
16 8 51 5
78 5 91 7
17 8 65 7
45 5 7 7
27 7 16 7
95 5 1 5
65 8 49 7
97 8 88 7
90 7 92 5
35 7 55 7
71 5 24 5
82 8 85 7
1 8 11 5
64 7 70 5
71 7 88 5
27 7 5 8
49 5 14 5
69 8 38 5
14 7 14 8
98 7 88 5
51 5 70 7
92 8 32 7
20 8 52 7
56 7 9 8
22 7 99 7
89 7 23 8
36 8 42 8
29 8 7 8
76 8 78 7
10 5 89 8
40 7 11 7
19 5 43 8
94 7 92 8
14 8 70 7
11 7 34 5
40 7 20 7
49 5 66 8
6 8 14 5
24 8 68 8
62 8 49 7
41 7 24 8
46 5 70 5
4 8 96 7
15 5 21 8
86 8 44 8
9 7 62 8
81 7 85 5
34 7 16 7
92 5 85 5
54 5 41 8
36 7 43 7
63 8 13 5
8 7 37 5
98 8 32 8
16 5 29 7
97 8 69 5
53 5 9 7
49 7 19 7
13 8 70 7
35 8 50 8
86 5 19 5
50 5 61 5
41 7 86 8
6 5 96 7
56 5 51 5
22 7 87 5
9 8 26 7
75 8 86 8
57 8 97 5
9 5 13 8
98 8 45 7
40 8 14 5
64 5 33 5
20 5 90 8
67 7 83 8
20 7 9 8
58 8 52 8
64 5 8 5
52 7 5 5
70 7 32 7
65 7 91 5
32 5 92 7
74 5 88 7
48 5 43 8
94 8 54 8
13 5 93 8
49 8 89 8
21 7 100 5
90 8 24 5
15 8 90 8
29 5 7 5
1 8 56 7
61 8 11 5
55 8 77 8
18 8 100 7
99 8 27 8
50 5 1 5
90 5 77 7
36 7 91 5
46 8 81 7
91 7 41 8
70 7 73 5
72 8 77 7
4 7 53 8
53 5 70 8
98 7 75 8
17 5 55 5
36 8 58 7
99 5 4 8
76 5 27 8
4 7 33 8
85 8 79 7
48 5 31 7
58 5 92 7
46 8 54 7
11 5 60 5
15 5 85 5
12 5 89 7
21 8 9 7
87 5 35 8
18 5 26 7
17 5 16 5
69 8 40 7
99 8 9 7
46 5 75 7
64 5 95 8
4 7 47 5
81 7 89 8
67 8 10 7
25 7 76 7
15 5 100 7
8 5 70 5
97 7 85 7
79 5 87 7
85 8 91 5
32 7 51 7
12 8 43 8
70 5 85 5
84 8 10 8
32 5 30 7
14 5 12 5
51 8 85 5
28 8 49 7
51 5 23 5
65 8 43 7
79 8 84 8
45 8 20 5
49 5 4 8
67 8 93 5
30 8 31 5
31 5 59 8
81 5 26 5
68 8 94 5
29 5 50 7
70 7 16 7
71 7 3 7
96 8 37 5
19 5 61 7
20 5 51 8
76 8 74 8
67 5 78 8
80 5 5 5
72 8 67 8
22 5 53 5
41 5 41 7
2 8 77 8
27 7 87 7
60 7 72 5
2 8 93 7
97 8 43 5
61 8 54 5
59 5 97 5
38 8 42 7
70 7 16 7
3 8 86 7
10 7 1 5
93 8 15 8
57 8 27 7
32 8 22 8
18 8 1 8
94 7 98 8
13 7 59 7
97 8 12 5
12 7 72 5
38 5 10 7
88 5 3 7
76 5 66 8
66 8 97 7
94 7 97 5
7 8 85 7
48 8 5 5
28 7 27 7
88 8 13 5
68 7 26 5
44 5 54 8
50 7 88 5
36 7 94 7
31 8 28 5
32 7 8 5
87 5 6 7
71 8 38 8
16 5 46 8
99 7 68 5
7 7 39 8
32 5 97 5
77 5 35 5
95 8 32 7
89 5 46 7
35 5 58 5
3 8 28 8
47 8 27 7
17 5 97 8
46 8 36 5
71 8 5 7
88 8 51 7
48 5 2 7
12 5 86 7
13 5 92 8
70 7 70 8
67 8 12 8
48 8 50 7
6 8 65 5
16 8 82 8
35 7 11 8
96 5 81 5
72 7 30 8
99 8 34 5
97 5 62 5
64 8 12 7
77 7 2 7
35 7 34 8
44 7 7 8
87 5 30 7
59 7 70 8
3 5 27 8
40 5 2 5
13 8 63 5
65 8 85 7
70 5 42 8
48 8 39 8
68 7 54 8
23 8 92 5
70 8 9 7
62 8 25 5
40 7 35 5
71 8 99 8
40 7 78 8
16 8 10 8
63 7 66 7
57 8 100 5
61 8 96 5
20 7 49 8
83 5 63 5
61 8 72 8
49 7 99 8
26 5 67 5
18 7 28 8
23 5 96 7
45 8 99 7
61 7 23 7
94 7 79 7
30 7 61 5
73 7 62 7
28 7 27 8
7 8 45 5
93 8 78 8
29 5 32 8
54 7 2 8
33 7 37 5
50 5 52 7
13 5 70 7
97 7 10 8
55 5 68 7
98 5 62 7
45 5 5 7
59 7 83 5
72 5 39 7
42 8 62 7
31 5 21 8
31 8 91 8
59 7 20 5
81 7 73 7
29 5 2 5
85 5 73 5
63 8 88 7
49 5 25 7
46 5 11 8
1 8 91 8
10 8 46 8
70 7 50 7
4 7 43 7
67 5 17 7
5 8 74 5
98 8 44 7
54 5 42 8
32 8 81 5
78 5 83 7
84 5 3 8
97 7 81 5
49 7 24 5
49 7 78 5
73 5 41 7
82 7 11 7
43 7 1 8
35 7 94 7
48 7 67 8
99 8 87 5
62 7 4 7
33 7 9 5
50 7 49 8
11 7 20 5
72 5 4 7
50 8 48 5
15 8 37 7
75 5 2 7
6 8 64 8
72 8 55 7
3 7 30 8
1 7 99 8
54 5 100 7
99 7 7 8
43 7 44 5
45 8 41 8
56 7 100 5
6 5 34 5
16 5 3 5
53 5 47 7
98 8 66 8
24 7 64 7
7 8 42 5
35 5 41 7
40 8 44 8
30 5 69 7
71 8 81 7
27 8 48 7
65 5 46 5
62 7 37 5
79 7 94 8
34 7 28 8
71 8 75 7
43 5 24 8
56 5 56 7
55 5 25 8
71 8 35 7
71 8 17 8
10 7 74 5
53 8 71 7
97 8 87 8
63 5 70 8
25 5 47 8
23 7 66 7
100 5 60 8
29 7 31 8
56 5 88 5
10 5 51 7
90 7 56 5
78 8 2 8
100 7 77 7
42 5 86 5
45 8 47 8
77 8 38 8
25 5 47 8
49 5 72 5
80 5 38 5
40 8 14 8
42 5 94 7
79 7 36 7
82 5 43 7
33 5 14 5
12 8 35 8
58 7 85 5
75 5 91 5
56 5 55 8
100 5 73 8
8 7 63 8
57 7 57 5
23 5 94 5
80 7 92 7
76 8 96 5
86 7 18 5
24 8 23 8
95 8 71 7
33 5 63 7
71 7 95 7
88 8 27 8
18 8 76 5
23 7 28 7
98 8 14 8
36 8 88 8
11 7 53 5
67 8 80 7
74 5 66 8
92 8 16 8
44 5 85 7
65 5 5 7
70 8 25 7
65 7 82 8
86 8 76 7
55 8 5 7
22 5 31 8
47 8 74 8
11 7 36 7
41 8 84 7
9 5 21 8
54 8 8 8
84 5 67 8
23 5 89 7
71 8 13 5
87 5 38 7
74 5 69 7
52 8 10 8
82 7 45 7
53 7 82 8
49 7 22 5
62 7 46 8
59 5 31 5
68 5 10 8
78 5 19 5
80 5 37 5
33 7 77 8
58 7 26 7
99 7 1 7
46 8 51 7
33 8 96 5
5 8 48 5
66 8 54 5
42 5 8 7
36 7 9 7
87 8 39 8
91 7 35 5
85 8 44 5
39 7 95 5
43 8 65 5
18 7 48 5
8 8 18 8
26 7 4 7
42 7 91 7
25 8 1 7
44 5 63 7
57 8 50 7
14 8 13 8
60 7 67 7
84 7 36 8
39 7 1 8
91 8 29 8
29 5 35 8
97 5 10 5
60 8 88 7
100 7 14 8
32 5 54 5
41 8 43 8
44 5 56 8
84 7 27 8
62 8 81 8
43 5 95 7
34 5 67 7
32 5 86 5
91 7 78 5
73 8 9 5
16 5 26 8
52 8 54 5
86 5 48 5
94 5 37 5
3 8 59 5
96 5 13 5
42 5 31 8
92 5 31 8
8 8 82 5
87 7 19 8
67 5 50 7
87 5 32 7
42 7 7 7
71 7 28 8
59 8 43 8
26 7 59 8
92 8 65 8
36 8 20 5
21 8 52 8
36 7 8 8
14 8 78 7
6 8 88 5
82 8 30 8
40 8 28 7
93 7 35 7
6 7 61 5
12 5 97 7
4 7 84 8
14 7 41 8
80 5 58 8
87 7 6 7
33 7 11 7
45 5 69 7
29 8 36 7
33 5 13 5
49 5 66 7
58 7 66 5
23 8 69 5
74 8 20 8
82 7 48 8
16 8 38 5
74 8 57 5
21 8 26 7
43 5 6 7
71 8 65 5
85 7 92 8
12 7 98 7
97 8 2 5
39 7 99 8
7 5 95 8
72 7 70 8
75 7 30 5
46 7 4 8
96 7 100 5
49 7 7 7
8 8 26 7
76 5 69 8
16 8 87 7
56 7 9 7
90 8 65 8
21 8 72 5
23 5 57 5
16 7 80 7
5 8 26 7
46 5 87 7
73 5 76 7
36 5 48 8
64 8 42 5
65 5 26 8
34 8 80 5
60 7 27 7
4 5 48 7
34 5 62 7
89 7 9 5
8 5 1 7
95 7 10 8
87 8 61 8
93 5 8 8
34 8 44 7
43 5 67 7
28 7 99 5
59 7 75 7
27 5 42 5
3 8 98 7
11 8 81 8
89 8 32 8
75 7 24 7
42 5 100 5
50 7 31 8
57 7 30 5
23 7 16 5
66 7 39 5
20 8 24 8
56 8 87 5
62 7 95 7
94 8 48 5
31 5 14 7
95 8 30 7
46 7 30 7
20 8 57 8
80 7 71 5
9 5 35 7
29 5 71 5
19 7 1 8
14 5 23 8
52 5 61 5
42 7 68 8
24 7 52 5
74 7 5 8
39 5 62 8
85 7 28 5
81 8 14 5
88 8 93 7
5 5 81 5
1 8 3 5
6 7 14 5
18 5 77 8
38 8 16 5
96 5 73 7
38 7 82 7
27 5 26 5
59 5 8 5
62 7 87 7
100 7 21 7
97 7 11 5
27 7 56 5
80 8 39 5
73 7 21 8
47 8 63 8
22 8 57 7
43 8 4 8
24 7 1 8
63 5 43 7
51 8 69 7
7 8 62 7
35 5 45 5
59 8 58 7
14 5 55 5
58 5 70 7
70 5 16 5
59 7 14 8
82 7 38 5
100 8 41 7
37 8 48 5
5 8 54 7
60 8 43 8
12 5 32 5
99 5 59 5
72 8 40 5
78 7 11 5
51 8 64 5
11 7 31 5
84 8 13 8
7 8 14 5
97 5 17 8
27 5 70 8
61 8 77 8
87 8 100 5
64 7 31 8
61 8 13 8
25 8 29 7
94 7 5 8
21 8 55 7
24 5 45 5
21 8 3 8
54 7 91 5
74 5 74 7
38 8 87 7
67 5 23 7
79 5 98 7
52 5 91 8
88 8 97 8
99 7 35 8
26 7 13 5
38 5 67 5
53 8 17 8
92 7 85 7
82 5 84 5
74 7 69 5
65 5 73 5
7 7 87 7
51 8 39 5
5 7 70 7
38 5 51 8
88 7 8 7
91 5 23 5
91 7 20 8
44 8 49 5
35 7 40 8
30 5 20 5
41 7 40 8
43 8 72 8
80 8 61 7
83 7 7 5
27 8 67 5
15 5 54 8
45 8 10 5
81 7 16 7
7 7 54 8
25 8 60 7
20 5 80 7
38 5 19 7
85 8 10 7
63 7 9 5
18 7 95 8
62 5 93 7
46 5 72 7
31 7 98 8
77 7 59 5
78 8 82 8
92 5 19 5
28 5 21 5
67 8 50 7
43 5 68 7
39 7 16 8
13 7 92 7
2 8 27 8
9 7 89 7
8 8 9 8
82 5 74 5
23 7 81 5
1 8 23 5
90 5 70 8
13 5 35 5
14 8 2 5
43 8 89 7
50 5 33 8
58 5 22 8
3 8 5 8
79 5 5 8
27 7 9 5
95 7 64 7
18 8 2 8
90 7 57 8
42 7 48 5
69 5 99 8
55 8 32 7
36 5 74 7
34 7 22 8
38 7 9 7
10 8 20 7
29 5 74 7
21 8 63 5
13 5 55 8
86 7 40 8
13 5 53 7
74 7 91 7
99 5 65 5
84 7 30 5
55 8 1 5
63 7 5 5
59 7 79 8
18 5 93 5
45 7 54 5
44 7 57 8
21 8 98 8
79 5 14 7
66 7 53 8
9 8 75 7
53 5 48 7
93 7 81 8
87 5 88 5
97 8 92 5
89 8 30 8
95 5 93 7
97 7 60 5
86 7 47 7
47 8 40 8
72 8 21 5
8 5 38 7
29 8 67 8
49 5 97 5
41 8 39 8
50 8 99 7
46 5 19 5
58 5 89 7
9 7 64 8
53 7 30 7
97 7 48 5
45 7 40 7
30 7 46 7
44 7 70 8
89 8 42 7
82 5 21 8
85 8 18 7
99 8 86 8
34 7 22 7
61 5 82 5
79 7 91 7
61 5 89 7
82 5 2 5
23 5 29 8
98 5 67 7
53 7 68 8
42 8 85 7
18 7 84 8
75 7 67 7
55 5 36 8
37 5 88 8
68 5 7 7
26 5 20 5
87 7 7 8
91 7 33 8
68 5 29 7
47 8 77 5
12 5 18 5
6 5 91 8
98 7 36 8
55 7 54 5
60 5 18 7
2 8 6 5
34 8 70 7
98 5 42 5
12 7 74 5
64 8 76 7
11 7 82 8
87 5 38 7
7 5 30 8
87 7 65 7
86 7 95 8
88 5 36 7
9 7 58 8
33 5 60 8
93 5 75 8
65 7 69 7
50 5 32 8
97 8 15 5
61 5 10 7
45 8 13 5
70 7 17 5
28 8 16 5
43 8 61 5
82 7 84 5
16 8 63 8
29 7 29 5
38 8 66 8
30 7 39 7
55 7 18 7
33 8 7 5
67 5 62 5
45 5 62 5
76 7 5 7
33 8 76 8
93 8 85 7
23 8 94 7
11 8 30 8
36 5 22 8
35 5 6 8
19 8 88 8
44 7 21 8
48 8 47 5
32 7 58 7
51 5 90 5
20 5 2 5
75 7 33 7
38 5 15 7
54 7 34 5
54 5 53 5
51 5 28 7
85 8 62 5
52 7 26 7
28 7 11 7
43 5 38 7
4 5 50 7
35 8 43 5
47 5 31 7
58 8 90 7
51 5 70 8
95 5 33 7
44 5 53 7
90 5 86 5
87 8 62 8
56 5 55 8
37 5 5 7
94 5 33 8
2 7 22 7
54 7 21 7
25 7 45 7
82 8 8 5
22 5 11 7
17 7 51 8
55 7 33 5
17 5 91 8
64 7 93 7
65 5 86 7
30 8 4 7
64 7 65 8
27 7 69 5
20 8 43 7
27 8 98 5
88 5 21 8
13 5 77 8
62 7 38 7
94 5 73 7
89 5 84 7
4 7 53 5
48 8 55 7
52 5 26 8
98 8 28 7
4 7 67 8
4 7 56 8
80 5 66 5
49 8 45 8
50 8 42 7
96 5 79 7
56 5 86 8
66 7 37 7
3 7 52 7
59 5 50 7
16 8 59 5
56 8 42 7
35 8 99 5
29 8 22 5
60 8 23 5
11 7 3 7
6 5 35 8
36 7 77 5
87 5 13 5
6 5 38 7
88 7 50 7
24 7 54 8
28 8 89 7
43 5 55 7
41 7 25 8
1 8 19 5
31 7 49 5
87 7 83 5
84 8 100 5
5 8 94 5
35 8 51 8
6 7 25 5
1 5 91 7
10 7 5 7
53 7 77 7
59 8 6 5
5 8 10 8
56 8 94 7
44 7 66 8
42 8 98 8
89 7 24 5
80 7 88 5
64 7 20 5
26 7 43 8
5 7 21 5
14 8 87 8
52 8 74 5
72 8 60 5
84 5 83 7
22 8 1 7
21 8 22 7
16 7 79 7
100 7 73 8
59 8 83 5
57 7 36 8
47 5 95 7
77 5 51 8
51 8 43 8
16 7 45 5
75 7 51 7
75 5 82 8
16 7 68 7
3 7 7 5
1 8 41 8
91 8 27 5
22 5 11 8
7 5 40 5
42 7 71 7
52 5 1 8
69 7 52 8
58 7 93 8
86 7 7 5
85 7 67 7
78 7 41 5
80 7 14 5
84 7 28 7
80 7 41 7
44 8 48 5
40 5 98 8
56 8 53 5
19 5 29 5
69 5 96 5
10 7 52 5
31 7 60 7
100 5 89 7
36 7 84 8
82 7 11 7
15 8 60 7
40 7 83 5
78 7 68 8
71 8 80 5
91 8 67 5
55 8 25 8
9 8 84 8
94 5 23 7
34 5 63 5
97 5 28 8
47 8 93 8
72 7 48 7
66 8 34 8
10 8 39 8
22 8 32 7
7 5 93 5
7 7 21 7
1 7 98 7
91 5 92 8
39 7 86 8
71 5 82 7
72 7 43 5
27 8 13 7
5 7 40 8
61 7 41 5
38 8 92 8
84 8 27 8
64 5 73 5
6 8 60 8
3 5 68 8
80 5 85 5
24 5 88 5
28 7 10 5
54 8 59 8
37 8 42 8
66 8 91 5
51 5 52 8
72 7 22 5
6 7 97 5
84 8 32 5
94 7 17 8
27 8 25 7
67 7 44 5
35 7 100 8
3 7 55 8
77 8 73 8
69 5 11 8
94 5 80 7
96 5 43 5
68 7 19 5
15 7 49 7
48 5 24 8
78 7 77 8
49 8 100 5
62 5 2 5
81 8 87 5
29 5 31 8
1 5 88 5
37 7 2 7
77 7 3 7
79 7 14 8
65 5 99 5
100 7 71 7
57 7 27 7
57 7 65 5
52 8 65 7
66 5 43 8
97 7 65 7
78 8 59 7
9 7 57 5
27 7 2 8
80 7 56 8
72 5 55 7
20 8 73 5
67 7 90 7
54 7 30 8
88 5 48 8
4 5 46 7
99 5 51 5
58 8 39 8
93 5 15 7
40 8 17 5
58 5 31 5
60 8 59 7
7 5 24 7
21 8 4 5
54 7 11 8
49 8 18 5
32 7 94 7
62 8 5 8
35 5 97 5
56 7 81 8
56 7 89 5
93 5 18 8
29 8 97 7
14 8 3 8
96 7 75 8
79 7 96 8
93 5 11 8
43 8 55 7
43 7 39 7
57 7 22 5
70 5 97 8
51 8 35 8
61 8 52 7
48 7 84 7
46 5 67 8
21 5 55 7
93 5 61 5
34 8 90 5
38 8 54 7
88 7 70 5
22 8 41 8
76 5 46 7
64 5 54 8
60 5 96 5
56 7 3 8
92 5 41 7
94 7 81 8
51 5 6 8
47 7 74 5
71 8 7 5
12 7 54 7
50 8 18 8
73 8 78 5
19 5 89 8
69 8 17 8
22 5 32 7
5 8 41 8
99 7 88 7
93 5 28 5
98 5 58 5
87 8 44 7
84 5 85 8
1 5 69 8
100 7 72 8
65 8 91 5
78 7 43 8
70 5 8 5
17 7 62 7
5 8 77 5
13 5 80 5
100 5 18 5
41 8 37 7
28 7 38 8
80 8 44 8
3 5 43 7
4 5 12 7
40 7 34 5
66 7 43 8
12 8 8 7
45 5 23 7
61 7 28 7
23 5 59 7
53 8 65 7
28 8 23 5
8 7 20 8
62 8 87 5
46 5 57 7
80 5 38 8
18 5 97 8
55 5 28 5
44 7 13 7
87 8 34 5
53 5 10 7
96 8 60 7
17 8 20 5
10 8 52 5
48 5 21 5
100 5 83 5
47 8 25 7
58 8 5 5
15 7 46 8
6 7 18 7
90 7 42 7
93 8 59 7
31 7 94 5
76 7 52 5
28 8 42 8
46 8 35 5
32 8 26 8
96 7 80 7
21 8 34 7
92 8 15 8
8 5 96 5
99 5 81 5
74 5 65 5
99 7 14 8
92 8 56 7
36 7 84 8
70 5 13 7
27 7 76 8
72 8 91 7
24 8 26 7
42 7 15 5
29 5 51 7
58 7 96 5
31 5 36 5
100 8 25 7
100 8 99 5
90 8 32 8
57 7 44 5
59 5 81 5
83 8 15 8
10 5 19 7
54 8 89 8
13 7 56 7
55 8 40 5
71 5 31 7
74 7 72 8
4 5 71 5
86 5 27 8
45 8 62 5
2 5 35 7
90 8 83 7
23 8 63 5
93 7 2 5
26 5 57 8
28 5 20 5
98 5 92 8
5 5 54 8
88 5 98 5
80 7 47 5
62 7 67 8
21 5 26 7
83 7 22 5
41 5 40 5
83 8 88 5
93 8 28 5
25 5 66 7
65 8 85 7
51 7 8 5
85 7 55 5
76 7 42 7
33 7 5 7
45 7 93 5
20 7 2 5
19 8 77 7
61 8 8 8
67 8 43 8
49 7 53 5
46 8 50 7
6 5 3 7
95 7 99 5
52 8 55 5
83 7 60 7
19 5 17 8
11 8 94 5
47 7 10 8
59 7 80 8
82 7 67 5
66 5 4 8
10 8 51 5
10 7 96 5
64 8 47 5
92 7 57 5
67 5 21 5
100 7 3 5
70 5 11 5
14 8 99 7
1 8 98 7
93 7 9 8
7 8 58 5
14 7 16 8
36 7 69 7
23 8 1 8
11 8 76 5
26 8 89 7
86 5 74 7
82 5 79 7
36 7 17 7
84 7 25 7
45 8 41 7
94 5 23 8
50 7 96 7
36 5 87 8
61 7 38 7
17 8 86 8
54 7 23 7
47 5 90 8
82 5 11 8
86 7 75 7
23 7 66 7
53 7 61 7
51 7 32 5
18 8 91 8
13 7 31 8
20 5 14 5
77 5 18 8
44 7 62 5
27 7 57 7
70 7 6 5
37 5 53 5
43 5 63 7
45 8 88 5
53 7 75 5
92 5 96 7
57 7 90 8
46 8 28 5
33 8 8 8
60 5 27 5
90 5 7 7
46 8 83 7
9 5 18 5
65 8 72 8
61 5 39 7
66 7 20 7
28 5 11 8
37 5 100 7
6 8 58 7
41 5 13 8
82 5 83 5
6 7 39 7
77 8 24 8
96 7 1 7
11 5 64 7
16 8 58 8
15 5 88 7
52 8 28 5
62 8 8 5
46 8 47 8
23 8 61 7
62 5 61 8
76 5 56 7
13 7 48 7
87 7 91 7
18 7 93 5
52 7 53 8
51 7 82 7
94 8 92 8
52 7 85 8
41 8 1 5
48 8 89 7
79 8 22 7
14 8 99 5
51 8 75 8
8 5 40 7
31 5 72 8
56 5 86 5
38 7 39 5
28 8 88 5
9 8 48 8
46 5 83 8
9 8 61 7
100 8 31 7
2 8 76 7
13 8 86 5
76 5 9 5
49 7 58 7
57 7 70 8
52 8 26 7
87 8 4 7
34 5 48 7
75 5 92 5
29 7 1 8
10 7 27 8
37 5 23 7
92 7 1 7
26 8 97 7
100 5 39 5
39 5 77 7
21 8 65 7
65 7 44 8
70 8 64 8
38 7 1 5
1 8 97 5
94 7 36 7
26 5 99 7
27 5 50 5
14 8 32 5
27 5 100 5
15 8 39 8
39 5 56 8
4 8 62 5
49 8 61 8
59 7 75 7
25 5 18 7
1 7 79 8
31 8 76 7
66 5 31 7
38 7 38 5
51 7 61 5
74 5 87 5
62 5 66 7
35 5 53 8
83 7 99 7
74 5 90 5
21 5 14 8
4 5 39 8
99 8 45 7
31 5 81 5
46 5 24 8
76 7 8 5
6 8 30 7
19 8 36 5
2 5 14 7
52 7 3 5
47 7 62 8
94 7 33 5
8 5 2 8
9 8 35 8
64 7 20 8
56 8 68 8
81 5 77 8
80 5 70 5
84 5 14 7
46 7 28 7
29 8 37 5
72 8 86 8
5 7 1 7
68 5 98 5
26 5 80 8
2 5 71 5
37 8 89 8
16 5 32 5
69 5 79 7
64 5 37 8
37 7 51 8
48 5 100 8
31 7 89 7
12 5 64 5
52 8 85 7
16 7 72 7
50 5 99 8
35 7 53 5
3 8 17 5
68 8 34 5
74 8 7 8
70 8 6 7
42 8 17 5
40 8 59 7
57 7 19 8
23 5 43 5
12 7 45 7
30 8 8 8
14 8 67 7
72 8 76 8
44 8 53 5
11 7 17 8
88 8 81 5
23 7 29 7
73 5 20 8
27 5 45 5
11 7 1 7
28 5 36 5
40 5 71 8
87 8 28 5
8 5 83 7
63 5 26 8
45 8 80 7
76 7 51 5
51 7 91 5
78 5 70 7
92 7 6 8
85 5 91 8
25 8 91 8
68 8 92 8
23 7 16 7
66 7 2 8
44 8 60 7
81 5 99 5
56 5 59 8
1 5 57 5
99 5 63 7
7 5 90 5
5 8 68 7
21 5 71 5
83 8 87 7
85 7 78 8
88 5 40 5
96 7 21 8
36 7 80 8
69 5 43 7
10 8 5 8
75 8 36 8
75 5 87 8
16 5 58 7
97 8 37 8
10 8 58 5
89 5 51 8
93 5 59 5
15 8 33 7
68 5 87 8
73 7 21 5
30 5 7 7
95 7 85 8
94 8 9 5
59 8 85 7
44 8 76 5
60 7 94 5
80 8 49 7
21 5 25 5
83 8 87 5
23 8 1 5
9 8 80 7
65 5 42 7
69 8 32 7
25 7 68 8
68 7 27 7
3 8 7 7
45 8 18 7
18 8 97 8
77 5 34 8
27 7 23 5
54 7 20 5
39 8 29 8
7 7 100 8
6 8 35 7
4 5 62 7
58 7 53 7
38 7 51 8
26 8 81 5
53 5 82 5
62 5 49 5
100 7 94 7
80 8 26 7
87 5 73 8
77 5 10 8
13 8 59 7
40 5 88 5
21 5 80 8
81 8 82 8
27 5 31 7
56 7 42 8
67 7 53 8
63 5 67 8
77 8 38 5
77 5 31 7
11 5 45 5
78 8 38 5
68 7 58 7
52 5 60 5
12 8 54 5
61 7 63 8
46 5 79 7
23 8 74 8
63 8 71 7
29 8 74 5
33 5 74 7
27 7 12 8
84 5 22 7
36 5 66 5
44 8 23 7
48 7 37 5
8 5 81 8
55 5 96 8
21 5 19 7
82 7 9 8
82 5 100 8
17 7 45 8
68 7 89 8
26 5 3 5
84 7 68 5
63 5 94 5
12 8 67 7
27 7 84 5
83 5 22 7
66 5 77 8
66 8 45 8
47 7 28 8
95 8 50 8
43 5 3 8
21 7 78 7
61 7 11 5
84 7 85 5
62 7 8 5
52 8 37 7
64 5 99 8
48 7 7 8
9 8 62 5
92 8 100 5
11 7 36 7
20 5 44 5
3 7 81 7
17 8 83 7
81 5 40 8
46 7 60 5
74 7 71 5
71 5 64 5
99 8 66 7
61 8 73 8
5 5 14 7
48 8 26 7
17 5 47 5
6 5 33 8
55 8 6 5
21 5 63 5
28 7 87 5
11 8 44 8
9 5 73 7
50 5 92 5
38 5 48 7
32 7 100 5
5 7 20 8
34 8 24 5
62 7 89 5
85 8 57 7
81 8 76 8
67 8 41 7
41 8 75 7
74 5 76 7
95 7 77 7
52 8 54 5
94 5 47 5
55 8 77 5
52 5 27 7
68 8 10 5
36 7 24 8
51 5 93 8
21 5 48 5
1 5 71 7
17 8 23 8
99 5 98 8
24 7 20 8
81 8 46 8
21 7 85 8
29 7 19 8
18 5 46 7
16 8 55 7
77 7 38 5
87 5 62 8
33 8 96 5
93 8 7 8
43 8 58 5
28 5 56 8
1 5 90 7
96 5 28 8
18 8 8 8
21 8 25 7
72 7 23 7
81 8 98 7
7 8 16 5
72 8 63 8
4 7 95 8
23 8 94 5
2 8 71 5
47 8 65 5
87 5 96 5
45 7 14 8
82 8 33 8
47 8 19 7
13 5 19 7
13 8 73 8
43 5 25 7
89 8 69 7
64 7 97 5
62 5 33 7
17 5 100 7
18 8 75 5
45 8 63 7
35 7 95 8
19 7 65 7
33 8 32 8
28 8 77 5
9 7 72 7
71 5 34 5
60 7 2 5
64 7 87 8
33 8 87 8
3 5 98 8
29 7 93 7
21 8 95 8
18 8 36 7
21 8 95 5
96 5 51 5
89 8 49 5
87 8 89 8
87 7 85 7
29 7 14 7
61 8 27 7
14 5 87 8
33 5 98 7
48 8 2 7
51 8 3 7
91 5 85 5
21 5 5 8
18 8 26 5
52 7 84 5
22 7 25 8
23 7 68 8
21 7 25 7
27 8 71 5
56 8 89 8
93 8 97 7
22 7 31 5
67 8 99 7
75 7 95 7
14 5 76 8
53 7 80 5
51 8 68 7
56 5 2 5
98 7 66 7
48 8 4 7
54 5 93 5
39 8 95 8
23 8 47 7
27 8 45 5
64 8 9 5
10 5 22 5
87 7 31 8
86 7 30 8
74 8 1 7
96 7 48 7
47 8 3 7
100 8 52 5
60 7 38 8
11 5 51 7
33 7 61 8
90 8 31 5
84 7 85 5
32 7 92 5
98 8 6 7
95 7 41 8
92 7 57 7
18 5 86 7
68 8 11 7
95 8 99 5
91 5 32 5
26 7 62 5
67 8 89 5
30 8 10 7
67 5 73 5
10 7 98 5
8 7 67 8
18 7 12 8
96 8 88 8
49 5 29 5
17 5 80 7
42 5 99 5
23 5 70 5
67 5 88 5
7 5 91 8
3 8 8 8
48 8 82 8
10 8 70 8
49 5 47 7
66 8 95 7
35 7 62 5
52 7 37 8
45 7 50 7
31 7 25 5
94 8 58 7
4 5 96 7
93 7 36 5
83 7 73 8
34 7 55 5
91 8 72 5
21 5 45 8
21 8 73 8
30 7 62 8
58 8 95 7
82 7 8 7
32 7 56 8
10 8 88 5
59 7 43 8
88 8 21 5
45 5 74 7
88 8 33 7
79 5 47 8
6 7 56 5
64 7 7 8
95 5 5 8
48 7 68 8
40 7 20 8
46 7 19 7
3 5 18 5
64 8 74 8
81 7 20 5
78 5 13 7
18 7 97 5
64 5 16 7
87 5 100 5
71 7 98 7
16 7 92 5
65 7 2 5
73 8 12 8
25 5 61 5
58 7 54 5
21 7 64 8
63 5 17 7
15 5 54 8
98 7 15 5
68 7 67 8
31 7 52 7
64 8 66 8
19 8 57 8
72 8 21 8
37 7 88 7
93 7 76 7
90 7 48 7
66 7 14 7
17 5 88 8
54 8 49 8
57 8 46 8
18 5 16 5
55 8 32 7
7 8 45 7
44 5 40 7
5 8 3 7
90 8 58 7
59 7 6 7
4 8 89 7
4 8 12 7
43 8 88 7
32 8 92 8
83 5 3 5
5 8 43 7
53 5 14 5
19 5 63 5
51 7 27 8
38 7 73 8
12 5 18 5
10 8 79 7
81 8 8 7
2 8 91 5
56 8 75 8
89 8 97 5
23 8 94 8
67 7 10 7
27 8 24 8
2 8 45 7
52 5 14 8
5 5 53 5
27 8 75 7
71 8 86 5
31 5 52 5
61 8 49 5
24 7 51 7
95 5 62 7
76 5 82 8
86 8 10 5
36 8 81 7
18 8 88 5
39 7 59 5
59 7 75 5
77 8 73 5
35 8 21 5
54 8 24 8
86 5 39 7
19 8 86 5
73 7 81 8
91 5 84 8
58 8 9 7
81 7 41 8
62 5 81 8
56 7 24 7
63 8 9 5
95 7 92 7
72 7 8 8
91 7 48 5
56 7 46 5
86 8 44 7
76 5 35 7
58 7 19 7
28 8 37 5
28 5 77 7
84 5 26 7
73 8 79 8
24 8 61 5
56 8 75 8
61 7 21 7
40 5 90 7
27 8 50 5
26 8 35 8
12 8 21 7
99 7 62 5
74 7 89 8
15 8 43 5
16 7 79 7
20 5 91 7
41 7 68 8
54 5 8 5
80 5 68 8
82 8 22 5
62 5 87 5
82 7 48 7
78 5 100 8
43 5 79 5
5 7 82 5
2 8 73 7
94 5 17 7
4 7 73 5
72 8 85 8
85 8 35 8
13 8 93 5
39 5 64 7
46 8 32 7
4 7 92 5
60 7 17 8
41 5 86 5
71 8 83 8
17 7 12 5
4 5 97 5
60 8 54 5
85 5 67 8
10 8 87 7
56 7 41 5
26 7 34 8
17 7 25 7
88 7 90 5
86 8 59 7
64 8 25 8
91 8 13 7
99 7 76 7
68 5 56 5
41 7 61 5
38 7 99 8
40 5 11 5
21 8 5 8
29 8 32 7
44 8 27 5
55 7 95 7
2 7 49 7
10 8 12 8
62 7 96 8
58 5 43 7
47 7 4 7
36 8 54 7
81 8 25 5
71 8 69 5
17 8 27 8
90 7 69 8
17 8 3 7
