3000
6000 820
6000 9750
6000 2970
0 9180
0 1440
6000 4210
0 8980
6000 8650
0 9190
3000 4810
6000 4610
0 8270
6000 6970
0 8370
3000 5780
3000 1740
6000 2700
0 6660
3000 5170
3000 7070
0 8830
3000 1410
6000 3840
0 2290
3000 8750
3000 1860
6000 7930
0 3080
6000 7210
6000 9430
6000 7250
3000 3260
6000 5710
0 8150
0 710
0 1200
0 3480
3000 8560
3000 4450
0 8550
3000 5590
6000 7490
6000 920
0 8570
6000 1940
0 3540
3000 4160
6000 3240
3000 1090
0 1820
6000 3770
6000 5990
6000 6040
3000 2360
6000 7200
0 5650
6000 4780
3000 1590
6000 6790
0 1740
3000 1230
6000 520
0 5230
6000 2800
0 1950
0 10
3000 6940
6000 6980
0 8310
3000 9130
6000 6410
6000 9000
0 3300
6000 6260
6000 5880
0 8180
0 7150
6000 2420
0 4110
6000 6000
6000 9710
0 3800
6000 5680
6000 2690
0 9820
3000 3610
3000 8080
6000 9390
3000 2950
3000 6950
0 5950
6000 7500
0 8470
0 2310
3000 3650
3000 5470
6000 2240
0 3010
0 3770
0 4430
6000 570
0 8930
3000 4500
3000 4850
3000 8950
6000 2900
0 3420
0 8110
3000 50
3000 1180
0 2110
0 3110
0 7350
0 4050
0 4400
0 540
0 2390
3000 7480
3000 7100
6000 350
0 6430
3000 590
0 8020
0 3630
3000 7640
6000 1280
3000 6490
0 5070
6000 8190
6000 4350
3000 3750
0 6370
0 6450
6000 1760
3000 7040
0 9280
0 1940
3000 1350
0 7680
3000 4260
3000 2190
6000 1930
0 5040
3000 4080
0 2970
6000 1750
3000 2050
0 9740
3000 2590
6000 6940
6000 7760
0 7540
0 4800
3000 9270
6000 5960
6000 7910
6000 5360
3000 370
0 2360
6000 2880
0 9410
6000 2330
6000 4160
3000 1890
3000 6020
0 2520
6000 4770
3000 500
0 580
3000 2740
3000 2330
6000 6270
3000 70
6000 3410
3000 5580
3000 5280
6000 6860
0 5190
0 7400
6000 2190
0 6940
0 5470
6000 9440
0 1490
6000 6710
3000 8160
6000 8260
0 8000
3000 4940
6000 530
0 8260
3000 9330
0 70
0 7510
6000 7990
0 3650
3000 8500
3000 9120
0 4290
6000 7030
0 6290
3000 5390
3000 6720
3000 8200
3000 7860
3000 9000
3000 1390
6000 380
3000 860
3000 610
0 220
6000 2410
6000 2940
0 4570
0 2140
3000 3120
0 4630
6000 7510
3000 5870
6000 4470
6000 1510
6000 4550
0 3730
3000 9870
3000 2460
3000 6800
0 4180
3000 690
0 9390
0 1280
0 4840
3000 7850
3000 8520
3000 110
6000 9910
0 4540
6000 1600
0 190
3000 2490
3000 1400
3000 6620
3000 9760
0 2150
6000 6740
3000 3920
3000 6560
6000 1920
0 5670
6000 2540
3000 6280
3000 4900
0 6680
6000 460
3000 9170
3000 8220
6000 9340
0 1230
3000 6380
6000 7060
6000 3330
3000 2730
3000 8960
3000 4650
6000 5380
6000 1050
3000 2600
6000 6640
6000 8300
0 8190
3000 1280
6000 5500
6000 8330
0 8200
0 7440
0 1210
0 8700
0 1550
0 5640
6000 8910
0 4300
0 4150
0 4770
3000 7370
6000 1190
0 210
3000 5930
0 1140
3000 9360
6000 2630
0 5160
6000 5320
6000 9870
6000 7050
6000 3820
6000 970
3000 6520
0 7060
6000 8490
3000 5260
0 170
6000 6150
3000 6470
3000 7180
0 9110
0 9600
3000 1930
6000 3050
6000 700
3000 420
6000 4540
0 9270
0 3840
0 9640
0 4420
0 2950
6000 7180
3000 5980
0 9250
0 5130
6000 1390
6000 3640
3000 8460
0 1920
0 3020
3000 2940
0 3920
0 7340
3000 2160
3000 2260
6000 7860
3000 9770
6000 4360
0 8130
0 6030
0 670
0 2960
0 1390
0 380
0 8350
3000 40
6000 1440
0 470
6000 1460
6000 8830
3000 8620
6000 3600
6000 4240
3000 8350
3000 6740
3000 3630
0 4700
6000 5690
3000 7930
3000 8190
0 5250
6000 7110
6000 6190
0 6320
3000 6210
0 5260
6000 6400
6000 4430
3000 8540
0 6830
3000 3090
3000 2320
3000 7130
0 6080
3000 2770
3000 2340
3000 8150
6000 9620
6000 3700
0 6010
0 7780
3000 1770
6000 5410
0 8360
0 1180
3000 2780
0 7170
6000 3950
6000 2270
3000 9730
6000 3250
6000 7280
0 9170
3000 8610
3000 4340
0 8810
3000 3230
0 830
6000 1490
0 3510
6000 7000
6000 1890
6000 2210
6000 9250
3000 7090
6000 5240
3000 8130
6000 9800
3000 7560
6000 8410
3000 9320
3000 1050
6000 830
3000 90
6000 7390
6000 8210
6000 5630
0 740
0 7080
0 6640
6000 2760
3000 7580
6000 3230
6000 1020
6000 5350
0 9680
0 6380
3000 5570
0 5550
6000 7820
6000 8630
6000 3080
0 4080
0 7580
3000 630
0 2560
3000 4230
0 3830
0 3740
6000 3870
0 1020
0 3560
0 5580
3000 3660
3000 6070
6000 390
6000 8530
6000 7570
3000 4420
0 8410
3000 3110
3000 1870
0 1800
0 4070
3000 8730
3000 740
3000 2210
3000 800
0 6810
6000 6760
0 9930
3000 8230
6000 8290
6000 5540
3000 3710
3000 7010
6000 8280
3000 200
6000 7880
0 9100
6000 7840
0 6110
0 4820
0 5630
0 5910
3000 2790
6000 470
6000 3660
0 9040
0 2180
6000 4040
3000 4670
6000 1170
6000 7700
0 4610
3000 9960
0 3230
6000 3510
3000 3590
0 1970
6000 230
6000 4050
6000 2030
3000 9680
0 1240
3000 2700
3000 3550
6000 450
0 5150
6000 9930
6000 6880
0 1890
3000 8640
3000 8450
6000 6180
0 7450
6000 8770
6000 4880
0 5420
3000 5750
3000 480
3000 9850
6000 4940
3000 7960
0 6990
6000 8110
0 9450
3000 2760
6000 1820
0 6190
6000 4910
3000 8470
6000 6460
0 3030
6000 1610
0 3390
6000 7660
6000 1260
6000 5250
3000 880
6000 1880
3000 940
0 420
3000 4970
6000 1660
0 5200
3000 300
0 6960
3000 5890
6000 3740
3000 3010
0 3100
0 3490
3000 6690
0 2830
6000 6470
3000 9590
3000 9740
0 4030
6000 4020
6000 4600
3000 7530
0 1150
3000 8820
3000 6710
3000 9410
3000 9890
6000 8370
3000 7630
3000 8920
0 3040
0 1620
6000 4500
0 6230
6000 9740
0 7050
6000 430
6000 7090
6000 3850
0 2280
3000 9190
0 3610
6000 4720
6000 5310
3000 4700
0 2870
0 2010
6000 3970
3000 4360
0 9550
0 5210
3000 9290
0 5600
6000 1160
3000 1470
0 6520
0 60
6000 5520
0 2540
6000 2650
3000 3530
6000 4200
6000 1360
0 160
3000 5960
6000 3220
0 4090
3000 6910
3000 6060
3000 3160
0 2220
0 7100
3000 8400
6000 3910
6000 6330
0 7560
0 9830
3000 8680
0 3370
3000 7880
3000 1880
0 9440
6000 5140
3000 1630
6000 1840
0 400
3000 8860
6000 6230
3000 1660
6000 7520
0 5300
3000 5140
6000 4640
3000 6810
3000 1360
6000 2710
6000 3580
0 4140
6000 2490
0 5460
3000 6180
3000 7900
6000 7020
0 2820
3000 9580
3000 2550
0 5760
0 8420
6000 1770
6000 1180
3000 5220
3000 8430
6000 9030
6000 620
3000 3460
6000 8080
0 4900
6000 5740
3000 7310
3000 4930
0 890
0 5400
0 5560
6000 8840
6000 7690
0 7180
6000 6300
0 7770
0 870
3000 5510
3000 180
6000 6870
3000 3430
6000 7580
3000 8320
3000 4800
3000 6630
6000 4380
0 9230
6000 2340
6000 8130
3000 6700
0 2170
3000 4330
0 7750
0 1070
0 9950
3000 9880
6000 3570
0 8610
0 8680
6000 8810
3000 3580
0 9750
6000 4090
6000 1200
3000 5450
6000 1270
3000 6670
3000 6130
0 370
3000 720
3000 1530
3000 2310
6000 3280
3000 9300
0 9300
3000 5420
3000 3780
3000 4860
6000 1000
6000 220
0 7650
6000 3470
3000 6870
3000 7170
6000 650
0 5100
0 6390
0 2050
0 8860
3000 2200
3000 240
6000 8580
0 1900
6000 5750
0 7720
6000 4900
0 1880
6000 10
0 6130
6000 6680
3000 5540
3000 4790
0 360
3000 5840
0 3600
0 5170
6000 3490
6000 7120
3000 1250
6000 7190
6000 2740
0 5870
3000 7390
6000 6110
0 6040
0 3570
0 2330
6000 8060
0 6060
3000 7020
3000 2350
0 730
3000 4910
3000 6920
0 250
0 7020
3000 1690
6000 6310
0 790
6000 2660
6000 7040
6000 210
3000 6160
3000 9450
0 490
0 9900
6000 9310
6000 8710
3000 6170
0 6730
6000 8880
6000 3720
6000 2250
6000 8160
3000 2250
0 1220
6000 6930
3000 9480
0 0
0 2850
3000 1310
3000 1990
3000 1580
3000 990
6000 5390
0 6970
3000 8870
6000 8270
6000 850
6000 20
3000 3910
6000 50
6000 5650
0 7380
3000 4770
0 6540
6000 4490
6000 440
3000 3930
3000 4720
6000 2790
0 3180
6000 3620
6000 1800
0 5770
3000 600
3000 7000
3000 6600
6000 6890
0 2980
0 6590
6000 6070
3000 6230
3000 6660
6000 7130
3000 7750
0 5430
6000 4390
0 1730
0 2240
0 3960
0 1090
6000 2100
6000 4030
0 7410
0 2480
6000 260
0 1540
0 8070
6000 2640
6000 9810
3000 2900
3000 490
6000 3690
3000 1960
6000 2170
6000 4820
3000 8740
6000 2960
3000 4600
3000 210
0 3350
3000 7250
3000 6310
0 7860
0 6900
0 8210
6000 5230
3000 2810
3000 3560
3000 2090
0 2350
0 8730
6000 40
3000 3600
3000 5150
3000 4030
3000 1620
6000 8980
3000 9620
0 5970
3000 5350
0 3050
3000 7150
3000 5730
0 4470
6000 590
3000 260
3000 9570
6000 680
3000 4470
0 8960
3000 5090
0 1190
6000 7720
3000 7230
6000 5060
6000 3500
0 5440
6000 9970
6000 9580
3000 4630
6000 4650
0 1700
0 8590
3000 6220
0 6170
3000 1750
3000 8970
3000 1570
3000 2290
3000 3830
0 6600
0 5740
3000 4410
0 850
0 9000
6000 8360
6000 190
0 1040
6000 800
3000 1430
6000 870
0 2230
3000 3310
6000 580
6000 5130
0 6220
0 1770
3000 4430
6000 2810
6000 9170
6000 9080
6000 1720
6000 3780
6000 1530
3000 5180
0 8990
3000 7440
0 4920
6000 2130
3000 1440
6000 7650
6000 910
6000 5980
3000 980
0 3950
6000 6210
6000 5610
0 5700
0 9700
0 6870
6000 4220
3000 4660
3000 2690
0 7610
0 4810
6000 4960
3000 2070
3000 4210
6000 4480
3000 2880
0 8670
3000 1380
3000 1540
3000 9810
6000 6780
6000 5810
6000 5030
3000 7610
6000 3110
6000 900
3000 8110
6000 9640
0 3470
6000 9550
0 8010
3000 810
0 8140
6000 480
3000 1970
3000 4950
6000 8460
0 6530
3000 7980
0 8710
3000 6510
6000 9380
0 8500
0 5980
3000 2140
0 2670
6000 1480
6000 9230
0 3750
3000 5700
3000 6550
3000 10
0 3780
0 4960
6000 5300
0 3970
6000 9150
0 7250
6000 4150
3000 3690
3000 1030
3000 9460
6000 8470
0 9530
6000 4970
0 7740
3000 430
3000 2020
6000 760
0 2340
0 1630
0 8290
0 4980
3000 8020
6000 4120
3000 5210
6000 6130
0 4130
3000 9010
0 4410
0 9510
3000 5200
3000 8760
0 6560
0 7090
3000 4530
3000 6120
3000 350
3000 5940
0 9130
3000 1220
6000 730
0 5660
0 4000
0 1050
6000 3830
6000 2500
6000 8200
0 4360
3000 6450
3000 8550
0 1980
3000 4070
0 8620
0 5320
6000 5260
0 4790
6000 9190
3000 3520
0 7360
3000 2170
0 1530
0 650
6000 2930
3000 3810
3000 4710
3000 6900
3000 3180
0 6610
6000 8690
0 9940
3000 9540
3000 1730
6000 4440
6000 6820
0 2890
3000 2660
6000 8320
6000 7370
0 3620
3000 2040
3000 4890
3000 6680
3000 460
0 3900
3000 8310
3000 2840
3000 9420
3000 2110
6000 6570
3000 9180
0 1160
0 2530
6000 9160
0 9290
6000 5870
0 3170
3000 6090
6000 7780
3000 640
3000 3990
6000 9370
0 5860
3000 4980
3000 520
6000 8310
6000 8400
6000 9140
0 8100
0 3760
0 7930
6000 110
3000 7680
0 6710
3000 5010
6000 1780
6000 4830
3000 2440
0 7790
6000 3210
3000 3150
3000 4620
0 1810
0 120
3000 3670
3000 2560
6000 3400
6000 7440
6000 6500
3000 9030
3000 8140
6000 5110
3000 8910
0 4510
0 9710
6000 8680
3000 7110
6000 5830
0 2710
0 7500
6000 8800
0 2940
0 1690
3000 4270
0 2000
6000 1130
3000 3220
3000 3030
0 4660
0 2210
3000 730
0 7850
0 3680
6000 9850
3000 4350
0 6200
6000 7970
6000 60
0 1520
3000 3390
3000 910
3000 2010
0 1000
6000 4230
3000 3700
6000 2860
3000 3960
3000 2030
0 6580
3000 6460
0 4170
6000 9790
6000 9470
0 1100
3000 6260
6000 1070
6000 7540
6000 3310
6000 8140
6000 6450
0 8080
0 8600
3000 4490
6000 930
6000 7960
0 140
0 330
0 5570
3000 8650
0 4260
3000 3820
0 750
3000 5190
6000 3590
6000 8450
6000 3480
3000 3250
6000 3960
3000 7670
3000 7800
6000 3290
0 910
6000 8180
3000 1170
3000 8770
3000 410
0 2700
6000 4630
6000 1590
0 310
0 700
0 5110
6000 1150
6000 9510
0 5720
3000 2820
6000 2450
6000 5640
0 340
6000 9120
0 1610
3000 4740
3000 4280
6000 8440
6000 2020
6000 1030
3000 6540
6000 8240
6000 100
3000 8370
0 6720
0 9480
6000 6050
0 8530
0 5330
3000 5270
3000 7810
0 4350
3000 9400
0 3660
6000 5440
0 9120
0 7130
6000 4180
3000 1950
3000 30
6000 6750
3000 3510
6000 6810
0 9540
3000 3320
0 9150
6000 9890
3000 5690
0 6760
0 4490
3000 5370
3000 6440
3000 8330
3000 8810
6000 3990
3000 7030
0 1570
0 7600
0 6880
6000 770
0 5900
6000 8920
0 2730
6000 9050
3000 710
6000 7170
3000 4250
3000 9490
3000 890
6000 9680
0 4640
0 630
6000 5890
3000 8170
3000 2230
6000 6440
0 5310
0 6150
0 6670
3000 7650
3000 4370
6000 4450
6000 6030
0 2400
3000 1650
0 4210
3000 5530
3000 1130
3000 1070
3000 7970
3000 330
6000 1100
3000 6420
6000 1740
6000 8820
3000 9260
0 7590
3000 3970
0 2260
0 7810
0 6280
0 7990
0 6050
3000 550
0 960
6000 6160
6000 7980
0 5930
6000 4170
6000 9320
3000 1340
6000 7590
0 9620
0 9850
6000 8780
3000 6150
0 2610
0 3880
0 1760
0 680
6000 8390
0 6500
0 3590
3000 2800
6000 9070
6000 9700
6000 2390
0 3580
0 5800
0 8160
3000 4050
6000 2920
3000 3040
0 5090
6000 2010
6000 2000
6000 5590
6000 3160
6000 6550
0 9800
0 9160
3000 1490
6000 5190
0 590
6000 6960
0 5280
3000 4780
0 8850
6000 1110
3000 6850
6000 1550
0 8910
3000 3890
3000 1010
6000 7410
6000 9650
0 8640
6000 1730
6000 8930
3000 4880
3000 7410
6000 9350
3000 1300
6000 3390
3000 8480
6000 4460
6000 860
3000 9380
6000 5450
6000 1850
6000 5020
6000 2560
6000 6430
6000 9720
3000 9530
0 6100
0 1010
0 8030
0 3200
3000 8600
0 1170
6000 980
0 4890
3000 7890
6000 8750
6000 6630
3000 8270
0 2590
0 3940
6000 750
3000 4190
3000 7710
0 1260
0 9420
3000 8100
3000 7210
0 9720
0 4020
3000 9670
0 5050
0 5370
0 2690
3000 6300
3000 8840
6000 6420
3000 4570
6000 9940
6000 4840
3000 3290
3000 4150
0 4780
6000 8250
0 9630
3000 9650
6000 6010
0 7570
6000 2180
3000 6400
0 7040
6000 4130
0 9210
6000 780
6000 6920
3000 5360
0 9400
0 2500
6000 2090
3000 8980
3000 9090
6000 3940
0 1590
6000 7560
3000 4920
6000 2980
3000 1290
6000 1400
3000 8040
6000 6850
3000 5640
0 8400
6000 90
6000 3460
0 9020
6000 3930
0 8320
6000 120
0 8280
6000 3070
3000 2670
3000 3080
0 690
6000 4010
3000 3400
0 3820
0 1710
0 3320
0 1670
6000 8940
3000 7600
3000 4300
3000 6960
3000 2150
3000 7950
6000 5070
6000 560
6000 8570
3000 8630
3000 5880
0 7430
3000 7460
6000 310
0 80
0 1030
3000 1270
0 7310
0 7330
6000 7140
6000 4710
0 270
6000 7920
0 1860
6000 8520
0 2100
3000 950
0 4860
0 7800
0 9010
6000 1810
6000 9690
3000 3100
3000 4170
0 5290
6000 1450
3000 2470
3000 5550
0 6700
3000 2180
3000 6590
3000 8830
6000 5210
0 3190
6000 1970
6000 710
3000 120
6000 8540
0 8770
0 4930
6000 2040
3000 5710
3000 3370
3000 3360
3000 20
6000 3380
0 5380
3000 4240
3000 9800
3000 7780
0 4740
6000 2680
0 5390
3000 8710
3000 1600
3000 7120
0 2800
6000 6650
3000 140
6000 9360
3000 7060
3000 2830
0 4530
3000 4990
3000 4290
0 4060
6000 4680
0 5750
3000 5080
3000 1100
0 4730
3000 2270
6000 5180
0 7210
3000 3140
3000 3850
6000 4860
3000 580
3000 4200
3000 3470
0 5830
0 2080
3000 160
3000 6970
6000 9660
6000 5430
6000 9880
6000 9300
6000 1090
0 2570
6000 1540
6000 2290
0 6690
0 9260
3000 9510
6000 5970
3000 6270
0 3290
3000 5830
6000 7080
6000 6990
6000 2320
3000 2850
0 9570
3000 2980
0 510
0 8840
0 7240
6000 5600
6000 1620
6000 7450
3000 1550
0 1930
6000 5790
6000 7160
6000 670
0 4910
3000 5380
6000 270
6000 8790
3000 6410
0 4380
3000 9830
3000 470
0 6000
0 2420
0 6250
3000 7620
3000 3300
3000 930
3000 3000
6000 4950
6000 4740
6000 6910
3000 870
3000 5770
0 4680
6000 7330
0 7480
3000 2960
0 2630
6000 3760
3000 2890
6000 8010
3000 5560
6000 2670
0 1640
3000 9470
3000 7990
6000 2110
0 840
6000 9670
0 2760
0 920
0 4830
3000 1240
3000 4020
0 8250
6000 9220
0 4270
6000 1900
3000 790
6000 2830
0 2370
0 2650
3000 5810
3000 2910
6000 7730
3000 1910
3000 2920
6000 2150
0 6510
3000 280
0 9350
0 9760
0 4950
6000 70
0 2060
0 9810
0 7960
6000 9020
0 1660
3000 650
0 9460
6000 1990
0 9070
0 2470
6000 4750
6000 4890
3000 3900
3000 9150
3000 2620
3000 5490
0 3910
0 7870
3000 6790
0 8790
0 5220
6000 330
3000 6340
3000 3730
3000 8340
6000 5800
0 5840
6000 3340
6000 2590
6000 4620
6000 2360
0 8580
6000 2050
3000 2510
3000 3790
6000 3010
3000 60
3000 5600
0 9370
6000 7890
6000 2430
6000 2370
0 3850
3000 1610
0 5450
0 20
6000 7290
0 4500
6000 1640
3000 9440
0 8490
6000 3150
3000 2000
6000 1960
3000 3210
0 2740
6000 6350
0 5590
6000 4340
6000 5490
6000 7640
0 9690
3000 540
6000 3610
6000 7530
6000 3980
0 2460
6000 4080
3000 3350
3000 6050
3000 8250
0 5270
3000 8690
0 2510
0 440
6000 5470
6000 9820
3000 7720
3000 9430
0 8460
6000 6080
6000 3680
6000 2520
0 4580
6000 7480
6000 3730
6000 8990
6000 5200
3000 7080
3000 7160
6000 1370
6000 4920
3000 5900
6000 550
3000 3740
6000 4330
0 1110
0 4310
0 8780
6000 5860
0 7110
3000 7760
3000 5110
6000 4310
0 240
0 810
3000 3680
3000 7910
6000 1560
3000 4960
6000 320
0 9030
0 8880
3000 5050
3000 9640
0 5520
6000 2400
0 3500
0 1910
0 8480
6000 8900
6000 1340
3000 6880
6000 2850
6000 3190
6000 1650
0 6260
6000 3320
6000 9110
6000 8950
3000 270
0 2840
6000 1910
3000 290
3000 3420
0 7820
6000 3540
3000 7920
6000 280
3000 1330
6000 1630
6000 4590
3000 560
3000 1800
3000 2930
3000 2680
6000 5760
0 1350
0 5000
0 4220
3000 8890
6000 5550
0 720
3000 9560
6000 2910
0 6340
6000 6170
3000 9840
6000 5150
3000 8510
6000 1870
3000 4540
0 3430
3000 1480
6000 3520
0 3160
3000 1670
6000 0
3000 6860
0 9610
0 7880
0 2320
0 6470
6000 3200
3000 320
3000 530
3000 3050
0 3440
3000 6760
6000 8420
3000 8280
6000 8660
3000 9610
6000 8040
6000 2350
6000 1230
0 1330
6000 5670
0 1270
3000 3410
3000 5800
6000 3430
3000 1190
6000 2610
3000 8300
0 3930
3000 4060
6000 4070
0 7010
0 3360
6000 9950
0 800
0 9650
0 7070
0 4590
3000 7320
3000 9660
0 9380
3000 7690
0 8220
3000 680
3000 1260
3000 7470
0 1500
0 8560
0 5610
0 130
6000 8970
0 5500
3000 5060
0 2600
6000 3860
6000 9010
3000 9910
3000 7350
0 6410
6000 4580
0 6550
3000 8590
6000 1140
0 7370
6000 6090
3000 6140
6000 9730
0 2990
0 6630
6000 8670
0 7200
6000 960
6000 5000
6000 1290
6000 3360
3000 1060
6000 5280
6000 5270
3000 7260
3000 5520
3000 5680
3000 9780
3000 5310
0 2380
3000 5250
0 7530
3000 1560
0 30
6000 8700
3000 1720
3000 4090
6000 1500
3000 4760
6000 3020
6000 370
6000 6530
6000 4420
0 2750
3000 7520
6000 6900
0 5690
0 7520
0 3330
6000 2530
3000 3280
3000 9140
6000 7750
0 2040
6000 1380
0 4010
3000 7280
6000 5050
6000 2070
6000 3670
0 1870
0 4650
0 620
3000 7490
3000 5460
3000 900
0 2160
0 3670
3000 5160
6000 9420
3000 9220
0 9430
6000 7260
6000 890
6000 3060
6000 4290
0 7940
6000 6520
6000 500
6000 540
6000 7350
6000 8430
0 8870
6000 8150
0 450
3000 4750
0 8970
3000 1140
6000 1430
6000 8500
6000 8350
0 9080
0 1990
0 7890
0 7270
6000 3750
0 1790
6000 4800
0 7840
0 6310
6000 8960
6000 1240
3000 9550
3000 6250
6000 5900
3000 8210
3000 760
3000 390
6000 1950
0 3700
0 3530
3000 7380
3000 2280
3000 3490
0 2430
3000 5970
3000 3170
0 6420
3000 6370
3000 7700
3000 6640
3000 5630
6000 4250
3000 2240
0 7760
3000 9390
0 9910
3000 6240
3000 4690
6000 2440
0 560
6000 6340
0 5080
3000 5760
3000 6110
6000 2380
3000 2650
6000 4670
6000 4000
6000 9530
0 3640
0 1680
0 2130
3000 9230
0 5010
0 4340
6000 8720
3000 5650
0 110
6000 6540
6000 6290
0 1840
6000 1010
0 1460
6000 5930
6000 5910
6000 9280
6000 7100
0 480
0 5490
0 8330
3000 5020
3000 4320
0 4240
0 1960
6000 7870
6000 3140
6000 250
0 1410
0 4040
0 8920
0 8380
3000 9280
6000 3130
3000 8780
0 8800
6000 130
3000 750
6000 6670
3000 7220
6000 6140
6000 5780
0 2190
6000 7070
3000 5910
0 6780
6000 7430
3000 9600
6000 1080
6000 840
0 4480
3000 6650
6000 2730
0 4160
3000 4220
3000 5740
0 5530
0 6800
0 1060
6000 8230
0 6120
0 2300
6000 9520
3000 3870
3000 1790
0 4670
3000 5290
3000 2370
0 3130
6000 5530
0 530
0 7320
3000 5950
0 6770
6000 8120
0 5510
0 4250
0 2550
6000 9540
6000 8090
0 2580
0 6890
3000 5500
3000 0
0 7690
3000 6930
0 8940
3000 1200
0 3280
6000 9830
3000 9630
3000 3640
6000 7810
0 760
3000 7840
0 320
0 3000
3000 1710
6000 3420
3000 1320
6000 8610
6000 5660
3000 4640
6000 4320
0 5620
3000 400
0 3400
3000 5440
3000 2580
3000 6780
0 5540
3000 3980
0 5810
6000 9500
0 9880
3000 5400
6000 290
3000 3800
3000 7300
3000 450
0 1380
6000 5160
3000 8880
3000 3840
6000 2780
6000 1710
3000 2390
3000 3060
6000 2570
3000 8800
3000 7570
3000 7940
6000 4660
6000 5940
0 9340
6000 7150
6000 6390
0 1470
6000 1120
3000 4130
6000 9860
3000 2500
0 3720
3000 510
0 8720
0 9970
0 1850
3000 620
3000 4390
3000 310
0 460
0 7190
6000 4110
6000 630
6000 3300
0 3090
0 290
3000 170
6000 7300
6000 1310
3000 3950
0 5410
3000 1000
3000 360
3000 3860
6000 6360
0 950
3000 7200
3000 3240
3000 9350
0 1720
3000 1460
6000 7770
0 7640
6000 1670
0 6840
6000 3710
0 6750
0 8820
3000 2410
6000 5770
0 3990
0 6920
0 3710
3000 4590
0 350
6000 6100
0 1340
6000 5420
0 2930
0 6090
0 7900
3000 7730
0 940
6000 720
3000 8580
0 1370
3000 4380
3000 6290
3000 7510
6000 6020
3000 9100
6000 1860
0 7550
6000 9590
0 8890
3000 1780
0 1780
0 9890
6000 7620
0 8750
0 6160
3000 5850
0 9840
3000 1900
0 2720
6000 300
3000 1810
6000 4990
0 8340
6000 9780
0 1600
6000 6830
0 7620
3000 7270
0 8040
0 4280
3000 9750
0 900
6000 8590
3000 9080
0 9240
0 7260
6000 3630
6000 9960
0 3260
0 2880
3000 5240
3000 9370
0 8740
3000 3720
3000 1450
3000 5820
0 7730
0 6950
0 4550
6000 7850
3000 3340
3000 1700
0 4450
6000 1520
3000 4040
6000 6840
6000 810
0 6300
0 3870
6000 8050
3000 2060
0 4230
0 2440
0 5940
3000 9200
6000 1700
3000 4010
3000 1840
0 2490
0 6400
6000 3270
6000 9210
6000 7420
0 7920
0 7950
0 7280
6000 9600
6000 2300
6000 8860
6000 4520
6000 3370
0 500
0 7910
3000 7190
0 9770
6000 9480
6000 3890
0 40
0 5140
0 6650
3000 9210
6000 7380
0 820
6000 9040
3000 9690
3000 2520
3000 9250
0 5340
3000 6770
0 1250
3000 7240
3000 970
0 980
3000 1830
0 570
6000 2460
0 9520
3000 1680
6000 2600
0 880
6000 360
0 3380
0 5020
6000 3180
3000 8390
0 7970
0 3340
0 9310
0 2450
6000 8560
0 3120
6000 4870
0 8540
6000 6490
3000 5330
6000 1040
3000 3130
3000 6840
6000 740
6000 490
3000 2120
6000 400
3000 4560
3000 8720
0 9660
0 4600
3000 5430
3000 2750
6000 1250
3000 9720
0 5920
0 5360
3000 3200
3000 6500
3000 1370
0 6460
3000 920
6000 8740
3000 4100
0 8430
0 9500
6000 9770
0 6620
6000 3810
0 9470
3000 9340
6000 5720
6000 4280
0 2900
0 6480
3000 2400
3000 7340
3000 1850
6000 8600
0 9090
0 6330
6000 5480
6000 6220
6000 160
6000 6720
6000 3090
3000 7290
3000 8850
6000 5510
3000 2860
6000 1060
3000 9020
0 9050
0 5480
0 9330
0 8900
0 7120
3000 5480
0 5180
6000 2580
6000 4530
3000 5860
6000 5370
0 5960
3000 9950
6000 3440
3000 8790
0 8120
0 7700
3000 340
6000 8030
6000 4570
0 990
3000 7820
0 5730
6000 5850
3000 6040
3000 8290
0 9870
3000 9070
6000 510
0 8760
6000 8070
3000 4840
0 280
0 8090
0 1290
6000 6510
0 8170
0 1450
3000 4610
6000 9760
0 4970
0 4370
0 8390
6000 7710
0 2090
3000 2570
0 7460
0 180
6000 1220
6000 1790
6000 6730
0 1750
3000 9820
6000 240
3000 3450
3000 2300
6000 990
3000 9860
3000 8440
3000 4550
6000 4410
6000 5290
0 520
0 4940
0 8050
3000 8060
0 660
3000 4310
0 610
0 3860
3000 1080
0 3250
6000 640
3000 6730
0 1430
3000 7420
3000 9040
3000 6820
6000 3450
6000 7220
0 7300
3000 8530
6000 8000
3000 6000
3000 4680
6000 150
0 6910
0 1420
0 7470
6000 1420
3000 100
6000 5010
3000 6010
6000 2890
0 970
6000 4560
3000 7140
3000 5000
3000 6530
3000 2530
6000 7940
6000 9100
6000 4700
6000 7310
3000 5030
0 6930
6000 940
0 4870
3000 6430
0 7980
3000 1820
0 2660
6000 340
3000 150
6000 4270
6000 2950
0 5710
3000 4120
3000 8410
6000 6770
3000 6200
0 4120
6000 1690
6000 6560
6000 4510
0 6790
3000 250
0 7030
6000 4850
3000 2720
3000 2640
6000 2220
0 9140
3000 3570
0 6740
0 7230
0 5820
3000 1940
6000 420
0 7000
6000 6480
3000 5720
6000 4190
3000 8930
0 4760
6000 4370
6000 9090
3000 8240
0 4880
0 2790
6000 3000
0 4990
6000 9840
6000 3040
6000 3030
6000 7460
6000 3100
3000 9900
6000 660
3000 6990
0 5060
3000 1520
6000 3880
0 9320
0 1560
6000 2550
3000 440
0 4710
6000 5340
6000 4790
6000 5170
3000 1150
3000 7330
6000 2310
3000 4140
6000 9570
6000 6950
3000 9060
6000 2470
0 1320
6000 6800
6000 6700
6000 6120
0 7420
3000 2870
3000 3380
3000 9930
6000 7470
3000 9710
6000 2990
3000 9940
3000 660
6000 5620
3000 1420
3000 5660
3000 4820
6000 950
3000 8490
0 2640
0 6820
0 1080
3000 6830
0 4100
0 1510
6000 6660
3000 190
0 6850
3000 2480
0 2250
3000 9050
3000 4730
6000 5950
0 5030
0 9780
6000 7600
6000 3900
0 930
6000 5580
3000 9520
3000 6190
6000 9460
0 3220
3000 770
0 4440
3000 9990
0 4560
0 6020
6000 7320
6000 2620
6000 7630
3000 1210
0 8690
3000 1500
6000 5100
3000 7550
3000 6350
6000 3920
0 6210
3000 3070
3000 8180
0 6070
0 1580
0 3550
6000 2820
0 9730
6000 7900
0 2810
0 8650
0 5120
0 3450
0 2030
6000 6370
6000 1570
3000 5610
3000 9790
6000 2120
6000 9270
0 5240
6000 7790
3000 7450
3000 8940
6000 2060
3000 8000
3000 5130
3000 1120
3000 8070
3000 2630
6000 6580
0 6980
3000 9980
3000 6480
0 2680
6000 8510
3000 4000
0 4720
6000 4930
6000 7340
6000 2870
3000 5320
6000 8850
3000 5990
6000 5920
6000 6620
3000 7360
3000 8900
6000 1580
0 2410
0 150
3000 850
3000 5070
0 6360
6000 8760
0 6860
3000 6390
6000 2080
6000 4730
3000 1510
3000 3020
0 3460
6000 4300
6000 6380
6000 2840
3000 2970
3000 7870
3000 8990
0 4330
3000 230
3000 8670
6000 6590
3000 3270
0 6270
3000 6330
0 5990
0 3310
6000 140
0 9980
6000 6600
6000 2770
6000 2720
6000 7360
0 9860
0 9220
6000 610
0 200
0 640
3000 4580
0 1480
0 6440
3000 9240
3000 2710
6000 1330
6000 2140
0 50
3000 6320
6000 7670
3000 80
0 3890
3000 2380
6000 1680
0 3150
0 4750
0 2920
3000 570
6000 5460
3000 4400
6000 9980
3000 5040
3000 3330
6000 6240
6000 5400
0 2620
0 5880
6000 5700
3000 2080
6000 9990
6000 4980
0 3980
3000 6570
3000 6750
3000 4110
6000 4140
6000 9630
6000 4260
6000 4760
3000 9700
0 9060
6000 1410
3000 8570
3000 130
6000 80
0 2120
3000 1110
0 4200
6000 5120
3000 5670
6000 6320
6000 1210
6000 6060
6000 7800
6000 7550
0 8950
6000 9060
3000 3500
0 8230
0 3790
6000 2230
0 6490
0 2860
6000 7240
6000 690
0 6240
3000 380
6000 9410
3000 3480
6000 9560
6000 8380
3000 7400
6000 6690
3000 3940
6000 8480
3000 1160
3000 1760
0 7710
6000 1320
6000 7680
0 2020
3000 5920
3000 3440
0 4520
3000 7430
3000 8050
6000 9260
3000 8420
0 6570
0 8660
6000 7830
0 8510
0 1650
3000 5100
0 5780
3000 9920
0 4320
3000 5790
0 7670
6000 200
3000 2610
3000 7790
0 4460
0 9960
3000 4510
6000 170
0 1300
0 550
6000 30
0 7220
6000 2480
3000 1640
6000 3650
0 7140
0 5850
6000 3560
6000 5730
0 9590
6000 2510
0 4390
0 3240
3000 7500
6000 3120
3000 6890
0 9560
0 3810
3000 5120
0 7290
3000 8380
6000 5570
0 8060
3000 9110
3000 7050
0 1400
6000 5040
6000 5840
6000 5090
6000 3800
6000 8340
6000 9920
6000 4400
6000 9290
3000 8260
3000 5620
0 4690
0 8300
0 8440
6000 3260
6000 6280
0 9360
6000 3530
6000 9240
3000 8120
3000 9310
6000 9330
3000 840
6000 8620
6000 4810
0 4620
6000 7610
0 230
0 9920
6000 6250
0 5790
3000 6100
6000 2280
6000 600
0 8240
0 2270
0 9580
6000 8550
3000 3880
6000 6200
3000 5410
0 90
3000 2220
6000 8220
6000 880
3000 3770
0 770
0 9200
3000 8660
0 6350
0 860
0 3270
3000 3620
0 3070
0 7390
6000 1470
3000 9160
0 2910
0 600
0 3690
3000 2450
0 4190
3000 5340
3000 4180
3000 5230
6000 7400
0 2780
0 4850
3000 7660
6000 6610
0 2770
6000 5560
6000 3170
0 9790
6000 3550
0 1830
6000 9490
3000 6980
0 100
3000 4520
0 390
6000 4690
3000 4440
6000 2750
6000 7740
3000 8010
3000 2130
3000 2420
3000 3190
6000 7010
3000 4480
6000 8870
3000 8030
6000 8020
6000 7230
6000 2260
0 7630
0 3060
3000 1040
0 2070
6000 9610
3000 670
3000 4830
0 300
6000 9180
3000 1980
6000 5220
0 430
6000 410
6000 8640
6000 9200
6000 8170
6000 9900
3000 700
6000 1830
0 1120
3000 780
0 3210
0 260
3000 8090
3000 830
3000 960
3000 8360
3000 3540
0 5890
6000 180
6000 5080
3000 7590
0 3520
3000 6080
0 3410
6000 3350
6000 5330
3000 9500
0 410
6000 7270
3000 1020
0 1310
3000 7740
6000 9130
0 8520
3000 6030
3000 3760
3000 9970
0 6180
6000 8730
0 1130
0 2200
3000 6610
6000 3790
0 780
3000 5300
3000 2100
3000 4460
6000 5820
3000 6360
3000 7540
0 1360
6000 790
0 6140
0 8450
6000 9400
6000 4060
6000 2200
3000 220
3000 2540
0 9990
3000 6580
6000 1980
6000 7950
3000 7830
0 5680
3000 2990
3000 820
6000 1350
6000 9450
0 9490
6000 8100
0 7490
0 7160
0 8630
3000 8700
0 7830
6000 8890
3000 7770
6000 2160
3000 2430
0 7660
3000 1920
6000 1300
6000 4100
0 5350
3000 4870
0 9670
0 3140
