3000
4399 4603
799 5055
8587 1375
1473 5221
7778 6790
1402 7544
1362 2087
3666 2099
8831 7935
6097 7301
6988 7134
4198 7096
2025 66
6187 2350
4814 6483
3977 292
2165 4776
6426 751
7230 7899
5972 5007
5767 8454
3630 7129
1619 7296
9228 450
6309 5324
7751 4375
3536 3028
1470 5562
4173 8736
8991 8987
5219 2967
9279 8463
7743 5704
9214 4973
4682 6264
1058 448
4717 5767
7578 6337
4142 7884
6787 450
3208 5616
5905 6744
9723 7375
3384 3895
7190 2374
2882 3487
5341 3239
1949 4163
22 2241
214 4704
8505 2351
5152 3222
8119 3808
9559 2260
1692 7424
3789 5979
4118 9694
3801 3841
8148 7186
7736 6416
638 1696
9903 7059
4936 2930
1221 6037
5171 1435
740 3675
4865 6971
6897 2983
779 7534
6322 2471
6036 1190
8450 154
1962 2250
3995 109
514 1730
7604 1153
3427 7506
8212 9442
435 511
5478 6685
3025 7297
360 7890
4267 8336
1952 6125
6949 8274
8596 2984
542 8124
3138 2505
1453 7133
3693 1967
9943 1297
4199 4448
8803 3489
3889 317
4000 445
8081 7025
7742 9520
5994 3087
7856 7946
9213 5883
7298 8887
8867 7841
7011 3084
1424 9543
216 5117
1509 1237
6414 6788
6764 6296
276 1731
7692 4277
2176 5772
2380 996
5292 9453
5163 4226
7398 4375
108 5775
4340 53
3615 2429
3137 5039
1971 4433
1234 4560
5670 7649
1347 2434
5023 1623
4165 2714
6979 7421
9565 9360
9496 5935
8812 4658
160 7289
111 1347
3063 4452
1401 7757
6881 4538
3874 8853
8971 5108
4491 5720
3835 5838
9233 8858
7461 4476
2650 5519
2975 2215
4878 2471
9229 4768
7129 9390
3135 8320
1815 7277
2771 4295
5033 730
8834 9986
661 8883
6173 5152
5681 1086
989 5992
9945 9530
468 3673
5048 3443
6967 1004
6993 6196
6851 5201
6664 1065
3520 8479
8342 7370
2774 4454
9179 2686
4439 9841
2647 1690
6071 9408
2777 8140
5399 3800
7669 6946
7473 3795
389 4440
4799 8461
1714 2728
3661 8378
3793 8260
6856 2135
5629 708
7668 4808
3394 3185
5727 7121
4876 1797
6528 7653
9937 1926
2531 8684
8873 3
2478 340
5522 8356
8801 7236
1084 3541
5613 5956
1800 3548
9170 7430
4256 6837
3316 8730
22 9043
5850 5977
839 3456
4708 1855
5382 7239
538 5333
8321 3017
5673 3843
2451 5553
2157 4614
9094 8850
570 1972
2397 818
9402 7732
8735 3796
7540 9836
2838 4468
5812 4757
7924 519
6612 4385
8837 7150
9718 7157
1245 6470
2078 4776
2022 4236
9390 2194
4164 1038
4166 6561
1857 4647
5371 1670
9522 2911
1505 2360
7379 7317
7117 5303
8915 4807
9688 7751
1956 483
5986 4281
6953 8065
9057 53
3379 9525
2247 7543
1642 7493
5182 4578
3218 552
6248 2739
3463 7753
6178 1921
5069 3294
8303 5062
8101 7990
3891 1136
9552 9877
6496 6505
9020 6631
6558 2398
7234 9885
1019 8876
8456 6201
3453 1673
6754 9701
5491 1295
8532 1669
4295 4679
6042 2597
9741 4143
1665 3631
6358 1217
4587 3932
7722 3606
562 5358
7084 7796
5242 8103
7751 4776
4304 1203
6449 2136
1983 3019
4510 514
4688 8806
5194 729
1402 4934
5951 3068
9645 2308
5364 4231
6240 3085
7837 7881
9522 4920
6756 5843
4102 4506
618 9485
5709 8147
2699 7692
1165 7209
9286 5853
7093 4479
6582 9575
491 2533
3721 1214
5920 9085
5445 3239
3248 4361
2198 2769
359 8954
8612 5540
3459 9231
5024 9169
7377 7723
7939 8542
6011 8303
4394 3103
2781 2054
3756 4352
5666 7477
6645 2665
7640 3169
6983 887
8609 9181
3657 8968
8135 2268
5587 1593
2577 610
1840 9954
9413 858
9574 5423
9161 5046
9605 3021
8180 3361
8452 3845
1916 5096
7589 9557
8265 4571
443 6873
4831 4100
6920 2965
7448 2506
5637 24
4195 7478
1057 3607
9415 630
9030 8575
5677 8635
2674 4935
3074 1125
8780 4990
6222 7448
5625 5565
2018 6069
3517 7928
1247 436
892 8695
4021 6530
9799 8216
5086 1934
2902 4500
2564 1931
4153 9320
1644 6828
4254 5797
9032 4113
1866 5253
2639 7491
1897 5736
3559 5414
3664 5886
6929 4556
4580 2028
2164 5457
243 8329
7391 3145
2828 1034
6156 8061
1432 8879
5967 6766
4676 4998
878 6542
1330 3517
4032 3227
9253 8671
9720 2916
4556 6648
8552 214
9755 715
5672 1076
9045 4141
5301 2951
6254 1456
2090 7687
334 8057
4452 6089
3055 6409
3709 5464
1004 7742
8691 1335
7491 8410
5331 2046
6136 3882
3339 6969
5676 89
8045 5799
4231 3345
9830 1563
4801 1919
9250 6215
1055 4780
3382 5189
1188 7092
652 3271
5912 421
4607 3402
9910 9938
6527 6045
4898 9866
4092 1652
9956 2136
7452 5265
5482 8360
6828 1361
1357 7157
7576 2412
1936 2037
7601 3125
9129 9332
6396 5040
9753 2081
9521 9662
3097 7126
6785 7995
6991 876
9648 8025
3013 8178
4368 8495
6537 2275
9856 7894
9432 8511
306 2446
547 8986
5571 754
9397 3046
6873 9149
6206 7472
8811 9304
4597 5595
8377 2666
7551 8024
691 563
6201 6138
136 3816
8413 1070
1710 8923
9581 3095
1369 1206
3159 8019
3039 2555
2143 990
2783 9429
8462 2672
8732 3058
8267 7108
6804 6896
6211 8574
7459 3490
4711 8674
7307 4203
9745 95
4204 403
4269 5573
2689 8507
4671 5728
1062 7893
7798 4924
7321 6259
7596 6052
396 6941
4239 7200
3837 449
6852 2374
3939 1562
1048 2324
6844 1871
3498 1048
2274 7767
7700 4963
6274 3449
1770 8415
1342 646
3338 9742
6905 2012
6873 8380
8953 1111
6658 3868
2639 3509
6243 7657
6151 7291
9982 2994
240 4558
5121 2514
2325 3900
8557 9678
7349 1405
8092 9770
2051 2508
9512 34
5599 6384
8415 4551
8574 6151
8420 1212
739 5741
8869 6890
4110 9929
962 4350
4487 7163
6864 7891
1062 5420
7568 9490
6825 6738
9260 9955
324 9850
9990 5923
7312 8404
1552 5885
5633 1050
8176 6372
6791 7044
4340 900
8052 5303
5250 3617
2465 3193
1507 4606
8613 9075
5174 6517
6891 5512
6471 7215
5361 7539
4216 3751
7021 6847
9636 2654
7898 7811
9026 4688
5934 4445
6668 3985
9748 1917
7602 3291
5110 187
8976 4802
340 4149
2397 7231
9662 9947
5524 6101
7486 818
9853 4506
7665 9488
7160 5562
8378 7265
1329 4311
1709 7997
9375 2535
992 8055
6905 7182
8242 5880
1983 9661
1107 5459
6891 768
5405 3493
6870 2890
4311 6722
7397 3054
7288 5635
9696 5665
2899 2103
1054 5687
99 1507
9301 2170
9562 6205
9352 8882
3163 1334
8542 4271
6793 6511
6118 3277
3 4066
6167 5393
1866 4642
9527 9155
277 9222
5898 4255
1324 8032
1021 2502
9539 321
4672 179
7606 4024
9061 768
6437 7603
6118 4309
5192 3315
7586 5196
7381 4831
1667 326
9474 1193
9481 829
414 6457
5084 2817
4488 6105
5319 5106
7506 9992
5285 5111
5094 4345
6958 2609
3026 4155
6918 8219
7470 5582
4493 5929
1492 6160
6255 965
7354 6814
1794 8847
4350 7957
1664 8838
5141 6983
3943 2646
8053 306
7757 4225
4652 4714
6835 8757
9948 4831
6975 8496
413 1467
4425 2984
7628 1758
3949 6060
9652 6822
4906 4001
5857 6570
3917 997
4632 8940
3643 2684
9246 2478
6910 4976
8272 3744
3733 8219
8575 707
6715 66
3254 2218
3050 881
3976 8078
6941 3627
5978 1846
8707 1835
9496 2624
3911 4127
2642 7555
6811 1887
32 4799
6864 8304
8543 1675
7602 8197
2382 4316
9342 5636
6534 3471
7596 1588
2627 4536
6295 8606
7462 5001
1519 8036
8704 5430
2162 1345
4063 8973
4312 4096
4851 2254
3478 4472
3929 2158
3747 7390
6474 3089
3026 4086
7639 621
5675 265
6237 1969
9950 4777
8049 1468
2812 7832
7978 4974
9177 2040
5025 4567
7215 954
6821 1772
5427 1828
3930 9174
9219 404
3341 3323
4490 979
5023 1243
2324 2338
4291 2273
7115 2340
4821 1005
1250 2798
7058 426
5917 3162
6073 3132
4116 3972
4904 9543
5801 8834
9796 6098
9238 3136
9421 4807
5195 4443
7129 7519
6782 1420
870 4975
4839 5691
5981 6089
9568 4117
7594 5485
7279 3666
8617 2474
8718 4599
3095 5597
3432 2890
1694 3749
6027 2193
9635 1221
6636 6763
9819 4496
9262 688
550 4100
7459 7610
188 7026
1726 8862
3589 84
3606 2205
2558 2323
6804 5653
7920 1315
8544 692
5064 5649
2885 5777
7949 9522
2539 7767
5096 1801
8455 5646
6980 5913
3255 7169
4018 6061
6030 7607
6145 9636
891 9782
3038 8774
5434 957
88 5056
1650 6231
1783 5614
2007 9732
6214 4547
7498 1310
7427 7032
8035 4406
4023 1290
2653 8041
7351 9762
5648 4574
476 6539
4355 3514
5312 867
5550 6480
5924 8279
2710 8786
3893 4718
8518 106
343 7094
2495 8849
5204 530
3254 9228
2899 6987
7268 1328
6748 3994
5902 7224
1611 256
1816 6924
1123 8446
4482 8126
6724 7192
6912 1695
2988 6508
1802 3331
4680 4297
2179 9885
5906 6513
190 8805
3499 8537
132 246
2531 6034
8550 5221
7369 1444
2144 9572
9890 7705
7697 7693
4897 5687
9388 7885
3273 2268
2295 7954
7645 4474
8917 3550
2065 185
3434 5564
8722 3566
6890 2331
679 6518
7553 9127
7962 775
8698 8931
8481 7474
6623 3377
3160 7089
2340 7513
9358 4635
6545 7002
188 5461
1630 3332
5646 5064
8897 5446
8631 6865
7778 388
3382 6409
9515 2422
7184 8213
2431 5664
5686 132
119 9925
7222 3539
7437 6579
8174 3981
4659 9441
520 6289
2773 7245
1353 2748
2691 9984
9613 1547
1450 4073
7956 964
7574 5139
9177 5
1882 5941
1216 3080
5866 8438
6619 4381
6095 5872
9442 753
5312 9962
8122 8085
8286 9475
1911 2055
536 1523
3602 1986
6675 2636
2950 5328
8854 3206
6412 735
9147 7628
3816 6091
6066 1513
472 3239
7385 9914
3993 2697
953 2114
1860 9239
2667 3772
2372 3203
6374 5974
6268 3049
8610 9218
9456 7464
3502 5867
9278 2649
3494 4172
8740 638
5686 290
3878 3070
1282 8950
6846 3315
2142 8707
3632 4809
3557 6005
9091 9931
1978 5358
4058 1667
5654 3513
209 9157
9380 9487
1805 3953
3659 1623
4591 9345
2993 8469
3493 4275
7418 339
7590 9560
124 1222
5447 3681
7227 4537
4690 283
9895 9828
1950 6628
4419 2159
5784 3799
2725 8668
8831 6384
290 3421
6807 4362
1890 1378
8638 386
1717 7306
1025 2920
9607 6472
6601 7912
1009 2370
8196 1982
2197 1224
8610 6616
4463 5472
1493 8267
4139 323
5729 5509
3745 3614
9871 6714
4992 8508
7100 7789
6893 9204
708 6499
5676 8389
5490 7764
758 4764
824 2955
7067 9435
9571 2608
4906 2143
874 124
2466 6603
5633 7290
216 5503
4003 6288
5090 2182
4076 3061
1385 4784
9560 8140
3172 6128
5903 3930
891 6728
7964 7959
7241 8614
566 3225
756 1441
3349 3222
9123 60
512 418
5564 5594
6706 1732
8855 781
4793 1319
6644 5431
9459 895
1559 6441
5904 2450
4247 3868
1487 1487
2481 2054
5791 3237
4574 219
7538 3696
279 9129
4114 6922
5802 1898
8654 4656
2679 3446
7054 402
8878 7592
1297 1515
4032 7201
3965 9358
2147 5453
844 4628
8586 7714
8944 3159
7933 6482
7934 9292
6689 3127
6213 2490
5025 4867
8226 8784
9392 5279
9186 8269
2870 482
862 7981
7683 4828
7338 9831
1359 9261
5537 1023
6975 5560
4182 5986
3120 3194
5277 9809
6321 1490
3378 2425
6357 1603
1208 5748
6882 393
5096 831
875 5958
8812 9637
1864 6150
545 4302
5410 7162
5325 2384
2721 585
8371 5841
4859 4726
5649 2258
6216 9027
4683 3651
629 5891
478 8591
7363 5574
9422 8238
2610 8233
8954 5554
4382 577
934 9793
7739 6260
3255 459
7924 2704
6300 3861
7431 3028
6120 4725
3133 802
8377 4842
7773 8855
3432 5135
5507 3932
4452 8117
3243 3405
3670 8705
5061 5684
9576 2800
1943 2830
3259 945
6614 638
4807 4044
4745 2005
8769 7878
2807 8224
2719 579
7078 7230
6794 2584
1161 1245
1780 5484
5729 6529
4188 789
2212 3763
3589 5234
6593 7928
7259 3206
9645 3144
8329 4389
5149 8177
2266 7956
6400 6065
9615 4557
3294 7487
8220 5535
8732 10000
1018 5539
7608 5206
6328 9820
47 996
6133 6640
2 3391
925 9647
6535 332
4035 1683
9588 7380
717 7067
3444 1410
1623 7818
8897 921
4431 8707
2000 5449
4245 9608
1733 1652
505 1780
3727 6638
9499 3729
28 1502
4454 7642
2914 9568
9325 2501
6947 1121
9568 1470
2531 2269
366 2507
3191 4797
1213 6270
245 6538
5877 3057
8190 6382
4837 1916
4099 5414
6724 4127
6917 1177
1769 9831
744 2172
3410 8770
3293 2978
239 6904
6326 605
9411 595
5402 1702
6865 6726
9319 3820
9783 8587
202 5698
1581 5380
2191 8305
9507 186
9482 2354
1095 1304
5606 4505
74 8899
8562 1392
6881 4888
3077 6291
6562 8479
9073 3427
6284 8391
8326 7145
6978 9607
2843 8559
4986 6113
7943 5572
6299 8503
7926 7394
9808 3531
1898 960
3509 1539
2352 389
7506 5429
7760 4067
4987 7911
8573 1270
7380 6899
8415 5436
6505 2336
5074 1491
8449 3016
8142 5826
1518 6067
3219 2404
677 6197
3364 5265
8815 6796
5654 6320
2224 4492
1465 7211
3481 38
9560 861
8016 9054
6297 5599
2468 1370
8169 917
4386 6310
7822 6984
3456 1041
9388 4133
8317 3831
9398 7131
626 6130
3450 3929
1701 4915
1140 5182
6032 1778
6043 5126
831 3419
725 3300
4789 8894
5296 254
5204 3117
8317 8660
5237 7704
3871 3553
2613 3268
683 3239
476 5212
7169 3256
1206 9388
8439 8317
2244 5560
3443 3076
8979 4168
7455 3768
3061 3829
5101 9344
6946 3417
8003 3262
2199 2952
6815 4813
7299 8578
9131 7776
4868 7378
1031 7153
7844 548
5470 88
6109 8913
4243 6166
3080 2776
1012 7220
6605 6113
6564 4629
9530 5645
8970 2808
9677 5785
7621 6975
5441 7830
5829 1387
6287 7940
8541 4130
8488 4010
5297 5675
2922 618
1841 7081
3394 2853
4300 1077
8967 1942
5707 9575
8667 4676
2382 8343
1539 1081
5317 8059
9991 1146
9447 6277
9086 9066
1485 8652
3075 6783
4327 7076
8480 6168
4156 1874
99 9535
2951 9066
2556 9737
9720 1222
5492 3180
643 8110
4262 5960
7248 5331
8185 7773
1607 8349
6838 4171
8080 991
2032 2406
8067 512
9653 3301
3465 9752
2835 6416
9897 5391
7232 694
7692 3802
3874 8335
2990 9215
5374 237
4545 4637
9089 7231
4065 5926
2481 2144
6917 4513
5629 6062
5025 5281
9363 8490
6111 2198
5985 7086
8668 4295
7780 7439
9176 2733
6852 2165
1947 3304
3482 7572
7942 2570
5881 3085
9576 8362
5229 6492
3954 857
3633 8979
7217 2995
8548 4406
6272 5611
2571 4940
984 1429
3457 159
4162 308
3403 7189
3613 6885
5839 2633
9456 1719
5718 109
1160 2025
6601 5114
3961 233
5171 1177
4308 4797
6662 579
407 9233
6598 2470
662 54
2629 5903
1442 7112
3091 5055
3996 8930
8767 4530
1728 4484
4639 2888
7588 2319
9081 1548
3631 4251
3804 7939
9049 1544
9598 534
777 6195
3005 2518
6250 6713
8421 7692
4903 1512
3825 8900
1520 2591
4508 4327
8154 9148
8294 6820
2545 7374
8368 7255
2704 3250
5194 1752
4794 5870
3365 5571
2064 7449
8089 9393
5241 7589
8163 143
9101 1987
121 1699
5657 4630
6027 4889
4856 4320
1708 8480
2773 1154
5734 5477
4404 2006
8308 277
7876 1672
6927 9941
9122 5016
411 5441
2604 8575
5584 2783
1640 5706
5561 8377
1414 1587
3265 6270
6987 6053
4749 838
7207 1561
6315 2690
3568 4622
2967 1443
7373 9894
2462 7573
5988 2874
3013 9671
2527 8598
3532 4167
5382 9094
2543 6796
1759 6888
4144 9825
2940 9972
662 1225
1532 8056
3915 5100
2677 7961
6544 1129
8934 84
8702 4921
2958 1715
5671 5485
1391 281
731 6773
9375 3274
4647 2213
161 8791
2037 4180
8762 2700
5406 1372
755 9321
6473 4512
8361 4095
6720 7294
4179 5421
3293 8217
8215 8964
3701 684
9246 4432
8536 9699
8786 3182
1911 25
3051 5028
4206 2891
7728 9612
4264 9562
10 736
5152 8371
5910 1871
5664 88
8372 8958
8305 6586
9000 3085
7271 9324
7517 5806
101 7381
67 3091
7407 3118
8119 1612
7089 6925
2302 1352
7566 2312
3167 2717
683 9077
5668 7426
243 4039
7462 8549
1703 7541
1633 52
7943 228
5859 8044
8689 7005
1135 6095
1201 332
8786 8290
7258 1087
9642 4823
3399 3887
8619 5161
2963 4286
2587 3207
9404 1127
2834 1107
8668 5546
1159 6611
6853 8097
5733 5541
5101 7947
1635 6303
8280 420
5671 5537
1507 6392
1438 4907
278 56
1146 4321
5422 3733
8607 4825
5940 1440
5932 5686
8065 8171
2296 4917
6267 9109
458 2447
7055 3172
9829 5334
3593 5499
1949 6179
1890 3387
2164 2169
4523 3311
6490 9945
8123 6175
4769 4062
8694 1780
827 6758
9951 4202
1674 6217
3310 3211
9743 365
6384 9571
6778 1055
5070 8728
7234 6960
3193 477
207 7716
3788 6697
8739 2989
3950 3508
8131 2643
5288 8958
479 6317
3159 2154
2533 6470
6444 3355
7914 3906
2925 4691
4961 7995
4497 3274
4955 8770
3751 5162
6485 8618
2938 5224
1606 7967
9811 9737
610 6177
8694 1089
2493 2932
4322 6105
9402 1845
9460 8394
5751 2385
3084 712
379 8661
3986 6413
7430 8816
2654 4993
7433 6671
1295 9039
4637 1105
8776 6326
8361 8548
7416 853
1479 2816
8038 1959
4661 8576
352 412
960 4516
2203 2419
4255 7268
9911 1684
6083 3643
7756 3515
313 9052
2553 6030
1235 2407
2355 9597
2034 849
1528 4592
4745 644
6552 9406
9221 7983
896 180
2498 3099
3678 7832
1445 3589
9516 7528
8311 8351
1042 8625
7402 3596
4654 9716
7082 8088
9312 9116
8938 1919
3708 3682
2563 1338
4166 1783
9321 5063
3043 2898
9241 7800
729 686
2467 1324
8214 778
9675 335
9403 8155
3931 5135
7870 1012
3222 8261
1207 3238
179 5994
6920 3821
7332 1086
6684 6652
7228 9727
628 7547
7526 2437
9312 9994
3761 8605
771 4514
8940 1252
3747 3949
7466 2695
6040 687
955 7247
3926 2213
3240 1924
7114 571
3010 3797
8303 1316
4602 9
9943 2127
2446 9254
3199 7286
8937 5049
2878 7876
7380 6625
1824 4845
9321 8944
5533 1354
6190 537
3568 509
2461 681
2159 6551
5557 1540
7867 158
1550 8888
2285 3996
8142 6564
1282 7078
2691 5239
6033 71
1864 8936
4916 2263
7879 1527
3617 4069
3143 8264
5657 5605
23 7816
2155 5580
9357 1100
5738 906
9989 9103
5981 9209
6745 8342
6286 9436
3581 3397
585 5445
2333 6581
8787 211
8108 2403
5359 1251
1746 1015
7935 1769
8832 89
7350 9267
2268 4166
172 2256
3268 6153
1464 12
5574 8830
527 9155
2226 1112
5678 5638
7693 4464
5850 6880
6867 1208
9210 8613
3303 7144
1461 2134
7233 8811
1400 579
2976 2651
2836 7324
9883 5379
8415 5456
5287 20
4610 8593
1133 1366
4230 9905
5830 1158
6784 2697
2367 7072
2388 5670
4215 3849
8883 2526
3738 1361
3106 7794
5091 7021
5117 4973
3478 4610
1508 8766
4631 7197
7358 6843
8564 2666
6747 4393
3825 4610
8169 7271
1681 557
2940 6976
5485 2901
9502 9224
5341 3686
8096 431
706 4291
5404 4185
8901 6912
4029 4610
4109 2465
1452 2672
5131 9279
7065 8956
4967 6313
6226 7727
6870 244
4702 3433
4224 5283
3735 9565
47 1830
9996 754
6121 5400
6018 6101
3390 1125
1789 8578
3590 3242
1249 9800
3599 9394
8756 9645
5706 6060
7371 3654
7384 3152
8166 1607
9514 1901
1172 9561
4810 1167
1393 2010
7646 8490
8111 2115
9615 9900
692 4283
4220 3021
4083 8898
3493 3917
8542 277
9977 5913
3931 8439
143 2096
46 9657
5076 2297
9217 9887
4543 610
1896 2189
178 1085
5383 9794
984 6075
4076 6284
174 8159
5181 3667
3154 4802
3944 4210
1793 7875
2648 1936
1050 3773
1592 6126
6070 1887
7091 613
3576 8987
3881 3755
71 9264
4627 2135
6417 8703
9498 6592
7941 4678
258 1094
558 4203
6383 2351
3156 9032
4287 5285
2804 6958
2490 8875
9925 9581
566 4579
8568 4447
8334 9718
4789 2960
1852 1205
2742 1349
7797 1761
7107 9135
3934 7665
3337 317
1095 7572
9349 6461
3936 3231
3419 6426
2105 4422
6006 2671
9001 5652
8197 7335
5370 2985
1373 8301
5270 5194
729 3066
6955 7836
2200 889
6579 6616
1206 7674
5267 554
4135 9203
3785 8633
6707 6970
3054 3791
719 2054
9444 9996
467 5892
4059 2920
5271 9329
8114 6000
2395 5069
4914 5674
5958 1493
3369 8243
245 8636
9876 5459
8917 4739
4091 5623
1708 8224
9414 3507
1357 9936
3502 1824
6906 7561
5823 2177
7969 3937
8177 1442
84 4170
7116 7121
5663 484
5363 6987
198 5238
2446 9115
9977 6537
5816 2764
4761 5230
7350 6118
6244 1930
9021 3150
569 4844
6406 8538
9860 5661
9980 9944
9831 7096
7064 5493
8659 2426
2480 9937
8743 4926
129 8719
2541 5946
2561 8381
2254 9911
5577 9577
1840 4598
2726 2410
520 9132
947 379
4793 2006
1401 5702
180 8465
1195 8839
1969 4754
9854 1790
758 9984
1587 4378
7008 4149
2759 340
5138 8336
9917 6979
4012 3722
467 5611
3932 2493
7069 9804
4499 8470
5506 5758
8013 7780
5676 1060
3612 5529
2850 4370
6591 4438
8748 4677
9666 2585
6096 4803
2000 6013
2860 6012
813 4406
2702 4745
6900 9771
4549 2477
8241 1133
8236 7332
8913 3911
8393 2524
518 2321
7973 8189
6759 7799
2865 6424
384 8962
2306 3463
6053 5166
9475 6866
9573 3255
2689 7551
3026 8317
27 2345
9450 9342
9677 8362
4331 9148
1964 4850
1469 9937
4117 9307
7736 6982
6810 9199
7022 9116
2661 3074
4281 3214
9940 4932
6470 3708
2482 574
2024 3589
2919 1474
4009 3674
914 8341
2822 2879
4269 5370
3894 8386
5755 2708
6446 2564
1906 3468
2758 5646
6542 8119
9940 7561
3050 6409
1268 6612
6983 3292
200 980
5845 4209
4654 6760
3628 8555
717 8976
5003 4611
7361 758
7320 3807
4401 304
8354 7160
5951 4895
6357 5890
2455 485
3377 4802
7097 1438
9174 8376
2418 5018
3664 7072
1777 7292
5627 2494
6268 1708
8185 4707
2466 6583
9593 7947
6887 7946
6185 3916
3920 2541
884 7454
3026 5340
2256 123
6778 2508
9578 9196
7526 3241
7347 382
533 4052
3955 7880
5760 2139
3665 8227
8722 4337
7252 6688
3361 3436
603 7281
5977 2567
5814 81
7907 9149
1283 4685
1656 861
4959 260
4102 2305
642 5714
7436 5677
4672 3196
7816 8338
2501 7617
3753 9753
5383 7114
3188 7065
5474 243
9632 1287
324 8618
435 2687
3302 3170
3548 9340
3430 7650
2724 4073
4443 159
9750 9115
3355 8644
8531 6935
7339 2283
6687 2721
476 953
865 5950
1196 496
8316 2600
9114 8751
5287 3494
1920 8835
3913 6429
7563 6637
501 3084
7875 1329
2199 1230
1052 1808
8165 9470
5171 5931
3270 5647
6884 4135
2675 8081
4631 990
1759 4824
819 7046
9397 3818
6959 3309
246 5600
9946 1827
8685 8900
4235 883
129 5287
3770 9373
5836 8941
5303 9106
4587 3266
3240 7262
2425 8950
9331 4184
3773 149
2308 4249
5046 345
7558 5293
5945 8583
7120 4629
7482 2433
6591 8690
7721 361
8062 3556
9302 4444
3740 4968
8789 6980
3308 1213
5929 2639
6476 781
3867 8784
5030 8914
207 3666
5285 6152
2248 3483
1860 808
5916 8451
9498 3636
9891 8639
8271 271
4161 2010
5239 2949
68 9626
5241 7077
2264 1716
8937 7211
1578 5045
6124 1785
8711 1408
9016 2038
4891 875
2846 806
405 2344
5522 295
982 4871
1645 6222
7961 6884
9171 9108
7589 5490
6184 9853
7206 6199
8142 9863
1243 4265
2726 9955
6752 1741
3071 2721
2617 5917
4607 3022
9340 1207
4396 1400
6078 6042
7622 5117
4004 7871
4225 1592
3360 1487
2524 1644
7687 665
1506 8930
4931 4232
9963 2761
5974 3033
5483 9670
29 1168
2691 9369
2375 8166
769 9532
4207 8391
4649 8212
6262 9953
9804 700
2518 2327
2345 204
2993 4930
213 9003
9163 1254
2842 6215
4288 8325
6963 5396
9493 732
4764 2946
8898 6612
2478 3105
5003 8206
1316 2343
8158 2198
3043 675
5605 6467
1959 8598
1397 2172
8679 1638
3426 1520
8932 8793
924 5894
5267 1495
6626 31
4442 5523
6643 7999
8628 2724
6204 1022
6146 4361
3221 268
6115 8826
6735 8074
8502 9211
1324 8259
848 5830
857 9780
5701 2860
6752 968
5435 3377
2078 955
8901 9800
8954 8607
2524 5157
708 8670
596 5008
16 7790
4912 6752
6943 3413
7041 8267
2750 7890
5175 4686
8748 1955
7547 5500
2923 2981
8877 6080
3936 8856
5879 2889
8542 9482
9125 9250
9231 9721
5336 9247
7510 247
7077 4452
4739 4118
3798 7489
2007 51
2174 1833
2006 799
7333 6008
3780 7289
2087 8795
7223 9046
2762 6843
8527 1886
7171 8836
2685 2506
8083 1274
2753 5159
6805 7492
9277 602
6059 2362
1733 9313
4196 3739
111 2607
826 4971
974 3992
4844 9277
3037 7607
6119 2643
9493 3290
1478 3257
5796 639
4531 9629
5799 1335
8199 6154
3017 5337
9596 4750
4649 4870
9568 5839
8556 1472
809 9531
5465 6733
8807 9581
4339 6004
2223 4910
9294 4781
8167 6169
5420 3776
6876 2297
5112 5074
9531 9208
410 9126
5036 6138
5074 4603
1977 3629
6076 3865
4238 2619
597 4123
2199 6015
127 4423
925 499
282 170
7747 6781
3947 4622
9079 137
775 9688
9345 1185
9892 4380
8403 4965
61 379
9673 7216
5323 3911
9835 5921
9113 2034
1935 9240
7536 3939
818 8897
4110 8565
5677 9136
3187 5834
9273 3962
5521 8617
6226 5412
4075 4628
1455 5215
5007 1128
2431 1409
6118 3344
7330 5230
6457 343
5549 5071
5362 6367
3967 550
4931 9645
9686 8118
6557 8958
3158 2078
8653 9385
7490 2727
4012 8946
7942 98
1152 1451
1507 7270
4796 9916
3578 1252
1337 9127
6324 7778
6572 1369
8328 1503
1013 8013
699 7571
6970 3858
727 6701
4321 9296
9428 9412
9320 8449
9510 471
9900 2095
8820 4695
3089 2398
7027 5506
2603 3350
3283 9176
4719 2690
678 6812
702 1377
5461 8752
6314 7267
5452 634
6562 5959
46 5882
4407 634
7432 4306
3809 6252
80 7977
8650 7107
3482 1252
1535 7845
427 7333
534 2184
5223 1236
4641 1762
1066 954
9029 6519
2668 5591
2477 3793
2551 7963
5506 9983
2268 9315
6234 2348
8371 5962
533 1852
7215 2068
9697 8721
480 230
905 5703
2546 5546
7466 3612
7579 7573
1209 246
4242 4765
5118 6793
2727 624
7855 6075
1017 4088
9502 9388
50 35
2319 8344
3182 2015
8143 3662
3325 9048
444 6950
5672 7910
1640 3251
5482 2850
4576 9725
8694 9695
7596 2500
1397 5450
8575 2414
617 8076
2881 1746
9190 5200
89 2372
8294 9311
7113 1618
9438 7557
9647 5109
5466 1287
9439 2027
4137 5094
2830 3909
4788 1504
6409 7264
6955 6062
756 7572
5217 3637
9318 4406
8837 485
7857 8210
874 4970
9828 311
2526 9475
5421 9072
761 5938
2177 5977
1031 6086
9886 6898
7590 7374
4161 4544
3435 4918
3194 8652
9634 3590
4137 8471
5154 1993
6680 6029
8042 7586
6340 1647
8139 2839
718 9979
8778 3974
7034 887
59 7999
7786 8728
5372 3025
4351 9886
9022 7545
9617 8656
2214 3753
8205 7368
6825 5963
3396 4867
4627 815
6514 2766
3654 8311
3823 3510
2284 1936
4398 3422
9935 3262
2149 6385
7366 7579
7349 6388
6203 6965
5043 8417
1796 4326
5784 8622
288 259
3488 4915
1074 1080
8760 5807
9391 3662
9318 2753
5598 4794
6175 5532
9135 9403
2995 6500
6982 343
3966 4263
7309 87
2679 9105
4413 9542
7726 5780
9801 2292
695 1953
3372 533
7761 3841
4195 8157
6594 9793
4029 3847
6403 3163
3250 9398
741 1310
9742 5787
5573 8129
5874 9331
7233 1366
8872 6038
8225 8673
9409 9999
1704 3860
532 9465
7701 5806
7621 4295
5599 1649
8142 3080
5891 2470
2478 6633
4859 3298
3498 1510
1426 9372
1919 9738
1816 791
6854 41
542 7342
39 2246
1201 1650
1711 8902
7457 410
4275 4134
3139 3496
7214 9030
7045 770
6741 2983
5147 238
4493 6573
689 7492
7390 3584
8283 4243
3625 8825
1584 4744
2149 3864
7473 4939
2766 4929
5350 8120
141 8489
2694 8435
8597 9740
9205 6417
2722 4352
6655 8294
2003 8423
5785 9393
2007 5146
4715 6711
3970 7378
2533 7199
1242 6
2137 5087
6014 7487
4285 6156
7054 6980
4590 6730
7798 4873
3146 519
303 9801
9892 2307
9303 5677
2778 1309
1901 8572
8020 5872
5950 1632
3070 8271
1638 5207
4436 7652
3773 9800
4886 1905
6779 554
8635 4576
5428 1780
6174 6810
2660 6066
9117 1962
2821 2974
3271 4722
1545 2369
1672 8574
4001 5821
7923 6718
2107 3437
5449 6959
3237 1413
8864 1094
1968 7499
5671 8475
357 2923
5284 3017
67 5480
4979 2888
8454 9329
8690 1077
2777 1440
9652 7857
8341 7574
4575 447
1011 1102
8485 4248
2515 7348
5342 4483
5925 2091
4036 6283
6094 399
378 6161
5879 5358
128 5411
5765 8818
6488 9621
1336 6139
7478 9677
4792 3131
123 5803
4233 9687
1129 6748
7035 7550
2310 2959
720 7425
320 6814
7824 699
2974 3702
7136 3102
191 2900
2998 6680
3600 4335
2818 1077
4011 8689
4208 5214
4491 8441
4900 6699
6267 3013
5328 9656
7052 6048
7081 7372
2861 4904
9150 6914
9686 6285
1095 9877
264 4093
7635 3864
8428 1532
4941 3518
220 227
9811 5791
9747 5789
2489 7092
8803 7817
6748 5854
4943 4907
4304 7804
9811 3454
5797 574
9739 6892
1530 1081
984 9165
4945 491
1775 964
5088 1996
1191 4898
7787 937
686 275
9109 567
9172 5856
6421 4114
762 1804
2997 1651
5258 8794
3305 6075
6764 5914
7157 8827
6157 2101
9318 7933
4145 4405
9929 5336
381 7715
7353 2147
9069 6461
2714 8240
3395 214
3433 4157
2018 6430
6887 7276
6302 191
4429 4144
7184 1585
2970 3341
4766 2288
1273 8911
7772 1201
4246 9233
9995 2677
1379 9063
216 4093
7303 3611
4307 1814
8847 7404
8244 5734
5758 5624
7004 187
9768 4188
1772 2737
7529 6538
6104 9881
6527 4955
1081 1852
4187 1075
4529 6645
1216 4746
737 8519
9436 6124
1411 8283
3527 9655
5095 364
6357 3177
551 7203
7365 2323
1019 5972
9941 7123
5852 7546
3156 8012
9398 7343
165 3927
3987 1382
9752 5804
979 265
3006 2391
8548 7612
3124 4721
7976 560
7899 8527
7763 6342
1929 8782
2314 2948
6984 9245
493 139
8336 9892
8562 8501
4897 3627
961 5727
9431 1941
5992 3515
5411 5619
1127 8535
339 9103
9095 8238
8709 7937
4580 1716
6718 7973
5743 3701
8296 6236
4920 6631
7206 3481
6211 2102
7108 7172
8908 7618
191 4900
1132 5602
1597 2259
4137 1936
2441 4310
1253 2228
2246 6912
3944 43
5963 9687
4823 4258
7001 9743
1968 4207
3223 8179
7388 1410
6429 7375
9028 6621
3353 159
2222 4950
3498 7438
6886 5939
1748 8139
8167 5073
6129 3189
6195 2091
3954 1018
6350 954
760 8318
6240 5063
7575 4707
7552 4003
2081 6579
623 5434
6738 2846
383 235
283 8348
7253 3110
7566 6498
9263 3694
9687 5457
5786 3640
6475 3214
5674 8315
2610 1913
4456 184
7699 2007
4187 9780
8586 5890
6292 6402
9815 6675
7717 1176
6102 4969
4287 3667
1467 4628
7361 2232
84 4225
5873 7639
7439 2625
7032 48
5617 1487
1311 3316
4573 5499
3095 4237
2467 466
638 2281
8220 9434
4536 4321
5482 9902
7988 6949
4529 5349
9181 4614
652 6132
3331 8092
8757 362
9219 4374
2928 530
8769 7501
7108 1863
2816 9575
3408 4533
2934 1628
3967 7470
5949 9449
7372 3937
7476 1900
364 7735
7593 1016
3867 2002
186 3702
2364 9406
9155 6371
9936 7923
4950 8122
865 7766
7696 4273
2299 1708
5901 7345
9178 1850
6793 7628
6866 5347
607 8309
3081 9279
403 6948
1281 590
1729 4724
1074 883
1095 2088
9886 7124
209 750
4890 8984
6102 8268
691 2003
5612 9869
4932 3483
8576 2876
8830 9183
1184 1910
8461 1587
9938 9742
3256 1666
4466 4330
3628 6640
7497 3513
3763 7706
5342 9732
6689 1444
7999 7380
4526 4689
8328 9458
8172 6903
3412 8080
6085 4596
9991 5624
7262 1006
5366 518
3751 910
5927 8458
8629 3424
1971 2391
1129 8392
3202 8898
9836 1200
6277 4361
6969 5683
4897 5140
2585 8309
3220 9749
3983 4289
5373 1245
6374 1817
2842 124
3806 9848
8582 2434
3271 1631
5904 5480
23 9106
4377 937
1385 1732
6378 8354
7416 1274
4572 1079
662 7792
1907 4645
3159 7280
6969 9533
175 889
735 3981
737 9318
7494 5087
2027 3397
566 3129
3582 6022
5146 4967
8834 1523
4399 7328
3876 8971
8407 5617
6763 1392
262 1000
9751 8310
1612 9926
9200 2347
4985 1015
2743 2478
6102 4771
6955 6669
7900 536
3769 3045
6582 2602
5647 980
1008 9524
9951 494
5140 7792
1886 6481
8793 1637
5870 1483
1562 6148
3830 7627
7163 6574
104 3264
2423 8138
1011 1401
8674 4781
5526 5255
8462 1172
6235 9471
1774 7265
1043 7994
5056 2929
5553 3848
4566 1422
5331 7208
7570 240
4834 5811
7893 6017
9076 315
4155 1165
1716 3907
7025 7242
9163 5487
9494 6476
6036 1267
3740 8158
9261 8797
1086 5893
3723 5653
7315 133
3939 5964
1452 9852
1774 9345
5868 1928
9660 1101
3094 2454
5009 118
775 4171
6684 268
1725 3798
2614 6545
1955 2954
5341 3042
8847 142
9774 7240
1354 4791
3203 2806
4642 6057
2150 509
7985 2888
1611 1078
5343 6620
2276 6118
1869 38
7465 4673
3837 78
1217 6871
4111 7637
9913 2957
7780 764
197 9134
5555 3400
3019 196
9457 5169
1785 8521
9137 4475
677 4479
1094 2953
1675 4042
2992 218
8715 7908
1375 9933
4778 5487
7569 5770
8444 6427
6534 9720
6640 3168
3120 9659
3364 3655
5906 6228
3254 5042
702 3932
599 2875
6885 3353
6917 955
3571 6711
8863 4947
7722 3641
433 6369
9411 9956
2796 7023
9676 9436
190 3874
172 4634
8608 6078
861 1862
2199 1564
5794 2798
4439 3757
7231 2435
4713 801
9146 4654
6827 7946
9374 8339
4314 9863
9374 7110
6886 9049
7624 7076
4001 7796
2788 2608
