3000
2112 4535
3327 2367
1135 6611
54 932
7529 4150
2465 1516
1991 842
8091 9415
3844 2709
3969 8237
7379 7367
4683 1347
5100 3501
6599 6349
865 4506
3399 2978
9042 6727
6424 176
4416 7557
1108 1944
1706 4652
3460 4776
6573 2630
5269 416
5339 9239
8653 3796
6605 4415
6222 2783
8995 2821
210 9861
7327 3610
3917 6368
1415 1419
7624 6910
8976 9811
8855 1760
4463 3393
6536 1035
6023 2884
2531 2441
2122 2262
6237 9806
6677 2459
3667 6751
5280 4956
6611 3685
8566 1606
1132 1059
3025 9835
7970 2000
9645 7903
3760 5186
1295 1374
6222 8398
4258 9832
838 7459
2093 8154
8343 9850
612 2009
6600 6971
6966 4289
1735 6610
6974 2867
8749 9999
2701 7797
3077 3424
6778 7916
8611 8073
368 5911
7549 5706
5742 8387
3164 8914
7620 2586
9842 9311
5674 6441
6282 2639
1808 9096
328 9861
3041 155
937 5742
7952 4014
244 4729
3008 8855
3880 4456
4765 2508
161 506
894 4404
499 9593
6990 340
8904 2664
7861 6264
6382 747
5359 7789
608 8400
7944 1545
5220 6974
6639 5464
2781 9647
4319 7741
4102 162
248 5342
1748 2221
9747 2247
1814 7815
2587 717
1557 1526
6981 7940
2274 3418
6807 2882
1817 5830
4427 7037
3882 1065
3579 6664
1791 8977
5483 6972
9140 6810
2314 1966
9031 3139
4213 1923
953 7879
2640 2511
9406 699
1529 1679
4117 9415
4561 7013
5244 66
5128 9127
1132 8708
6869 2923
8763 2351
973 7902
9161 3287
946 9270
6426 5159
1193 7380
4117 4912
969 3522
6691 3577
5201 1886
2991 840
8900 8236
906 4027
8441 3117
2734 5309
7119 1497
8739 8093
477 8978
1379 1424
9326 8885
7662 1597
7343 1778
7589 8312
5300 4279
1888 1579
6165 4879
3498 5064
4193 4405
9092 2633
8601 2904
9021 5720
5480 8838
3812 7037
8894 6270
9540 9299
5154 7201
895 2496
58 8484
1886 5358
3841 3774
8017 6
9733 2593
6149 5004
6998 6319
8717 6678
302 7737
2397 6861
7654 6209
3897 7626
3557 3436
6924 8712
1716 8899
1207 1774
8461 4173
8211 2302
9026 7306
3387 8758
9900 614
4841 7976
6934 3557
4653 8315
2372 8129
5175 1104
4337 151
8731 8974
4666 6733
7685 6382
5631 9971
9235 5171
4143 8525
7473 3169
5830 1938
3005 6808
2552 7846
4784 564
2481 515
8879 4854
8645 5133
5958 4060
5284 5767
3033 9950
2500 1796
7411 9210
1767 7724
4380 6989
6248 2931
157 3157
4869 4242
9965 8501
3166 5827
143 5648
6343 101
501 6066
5234 6459
1204 1596
3305 4238
2624 5805
6034 34
6093 8880
7759 473
5869 5085
4483 7105
8242 431
1346 8207
8932 4513
5112 9075
160 1454
254 661
8599 5488
8199 9804
7084 1503
5120 9709
8387 2232
821 4480
1112 9659
6032 6981
4744 1593
4085 4064
2024 6511
2270 2034
1023 7383
2188 1183
9916 2442
2923 8515
7931 2200
9397 6093
4783 4516
6880 4248
6748 8781
9807 7860
8439 5838
5919 4261
8511 1083
8326 534
8673 1674
2569 9696
135 5836
1957 51
8278 5959
9645 7287
9238 9041
4459 4020
4635 1338
9348 1382
1197 9154
321 9637
6071 7319
3897 4581
9481 3301
5115 8153
4976 8763
7848 5111
5677 883
6241 5034
6842 5885
2320 6080
6004 7858
1178 1717
275 1604
3100 1472
758 4500
2187 6829
2897 6085
2488 2378
464 7603
530 5440
7445 9458
1630 3121
340 7871
8155 8262
4835 1554
5420 1917
490 7677
3635 765
9282 7814
2238 39
2313 4425
7947 5210
1588 434
7588 2053
9116 9198
8572 7639
8655 201
1839 73
9152 1072
9414 5065
2626 4833
6982 4196
3589 616
4961 2870
8430 8278
3988 1821
3782 1934
7032 5370
3447 5698
8502 2562
5974 8153
201 5707
9433 2040
6860 9663
3112 6273
4727 6818
2185 1709
1013 5774
2325 7053
9723 1834
5331 3710
3655 9113
6723 1765
5561 169
8543 5142
3810 5595
3294 5090
1302 3805
7130 9241
3468 1321
5513 8195
9218 8777
9904 1309
4550 3308
8362 4272
6221 4771
9061 954
4962 5783
2720 523
7031 2341
5665 841
9015 37
5931 316
3842 4140
9557 8389
6540 6149
6584 6836
4925 7566
8145 554
1952 7585
5905 8173
2356 4966
9128 7318
1827 2926
8920 8859
6346 5663
9700 5360
5700 6709
6756 621
848 6312
9010 7388
3539 6672
4223 9544
4238 3446
97 6190
1031 7081
5442 4466
3125 4569
2862 4953
7495 1782
4890 3840
7445 5668
278 4224
2376 7034
5924 3225
4425 4933
1691 7964
2684 6994
7507 8001
1518 8683
4190 3628
5764 9632
8094 9968
5279 2035
4920 2773
3817 888
7692 2340
6556 7971
7643 8933
6083 3566
3236 507
9579 6006
8472 2262
4078 7057
262 5597
5740 5531
9225 2582
5163 8398
3628 1520
432 9628
5373 5328
515 4143
8747 7072
3192 6390
7083 9276
9956 318
9783 9534
7403 8254
1795 1481
6390 3136
7078 3208
8668 7381
6869 4909
5778 496
6429 7289
123 1801
2616 639
5945 1363
8790 9137
8832 5872
8412 8787
7269 9274
9400 4671
7527 2273
7231 3916
5410 4308
8203 5156
2768 5071
64 8546
5568 7572
5835 5691
452 9530
7409 7476
1971 7277
7691 802
3148 7182
668 1495
6455 67
7246 3981
3419 4476
8977 9908
9864 8258
5063 2631
3329 6206
2255 8897
3778 9169
5666 5309
8699 3075
2784 669
1430 474
2551 4579
7656 3219
7153 4110
4365 4398
9171 7784
9954 9226
8771 9817
7483 3833
3526 811
1118 6860
786 5975
6029 6453
1283 5806
606 4067
7554 2036
4541 104
7694 2197
3323 4847
6307 8767
323 6556
6551 1355
5781 5321
2250 3264
232 5776
5154 1350
3715 5941
7325 9744
3472 8608
6628 4078
3753 4181
7193 8295
4286 4887
1570 8688
812 8956
7455 2214
5512 5084
3570 2371
1483 5820
6714 1715
2675 1868
4145 6390
8888 2548
7212 2359
1156 3839
6437 5988
9099 3629
4282 3384
9595 5852
3151 406
5887 1684
2621 1398
6768 7270
3769 8251
3089 1562
1044 5764
3430 5189
3232 2317
7738 443
4676 9973
5361 2191
5960 4460
5820 1321
8923 6494
8252 2073
6900 4138
3757 599
6615 1603
7869 1463
932 958
3025 1977
7801 7534
8245 1033
9851 7061
1476 5605
7033 6838
7796 4072
1297 4694
6472 1298
1187 5802
3372 9167
9941 8208
9766 7634
890 8714
9097 1822
9672 3200
4878 8551
733 3123
9584 1662
183 2139
7267 8296
55 6141
3446 1352
1914 996
3729 4180
6798 8180
3346 7817
6388 4191
5451 8357
2904 5626
1257 3654
8827 6136
2204 638
337 1788
2301 520
5006 646
9895 5061
7867 4419
7492 859
5415 1220
5039 2213
9401 9465
29 6867
3655 6559
5223 7638
2185 6480
1291 2090
3694 4574
2728 4031
7441 6108
5631 2446
7834 6604
7507 5700
1023 4998
6559 6438
6219 2676
9730 6698
2140 838
3564 6874
7397 8787
4511 9582
6345 6881
1671 39
2534 5479
5149 9975
2665 779
2421 498
7384 1006
6198 9486
6005 3835
7002 3302
6512 6732
10000 9731
7570 3563
6605 4966
3428 2194
5627 9773
9076 8377
890 1609
3855 6040
2662 6521
7898 5083
7019 6360
6090 4296
5845 3173
9210 2847
6475 6800
657 7553
6531 9306
2194 3135
4271 5622
6408 976
6473 6562
9354 8443
9250 3208
4482 1912
807 3458
8074 8906
9819 5242
4280 6742
8415 3489
667 5968
289 1324
4599 7899
629 6793
1033 5980
2414 8520
6956 8888
5082 7388
7330 4331
1675 2890
6243 2482
7427 4317
2466 8324
9559 6746
5066 9053
1314 6812
6099 2682
9216 698
580 923
7491 2692
6903 9906
1211 4938
9872 6293
2325 8280
624 5079
2248 7946
7562 9675
3341 1106
9078 3979
7853 4143
3031 245
2033 9130
2927 1248
906 3507
2172 8398
6199 153
9382 7410
6170 9253
4782 9575
8611 6485
4653 858
4430 3293
1611 7772
4400 688
1750 3331
5910 5860
3576 7944
6068 6503
9192 6975
1088 2442
5372 7287
2596 4753
5775 8766
5084 556
9419 3694
8120 4072
5631 2550
7365 7242
1400 2843
7931 3150
6174 3840
88 828
1783 6156
8410 2054
3130 9498
4496 9581
7863 8171
5412 4717
8016 495
6352 7434
5268 4472
1505 898
7022 9950
8141 8422
2792 6071
2650 45
989 2738
1952 2773
9973 362
4827 3103
938 401
3762 9881
8573 9175
4597 7667
748 948
5100 7096
6499 7685
9073 4599
7634 7213
4099 1504
4362 6749
2628 5352
565 4581
9204 538
6022 5109
4720 8039
5510 9561
7919 5161
8735 3594
2827 562
5622 9007
7658 2120
6691 6730
6720 5403
5022 818
6907 462
8647 614
6893 290
5195 6096
1907 2295
1204 6627
333 7794
7267 9332
2954 7080
2925 6861
7642 8547
5867 6378
1746 2557
4187 9545
9039 287
362 5945
749 87
6559 8722
378 2832
4817 2285
5127 7101
9992 6540
5973 7258
5871 5
4337 8796
6866 3058
8422 3811
9436 167
7447 4701
9712 6485
4988 1152
3509 6817
1240 67
5538 2697
3979 1433
4982 9106
9613 6052
6724 5585
3309 2594
6670 8726
1390 3535
1783 890
8426 2297
1057 5872
6999 1847
2357 3065
2999 5866
960 5318
7012 7577
8015 990
89 4076
1175 9702
1206 7899
6366 4516
1572 3035
4320 4041
7649 6103
4931 6074
9479 7067
1946 6477
8914 5382
621 2991
2326 1581
9389 9338
9159 8482
1407 9248
2557 3661
27 4843
2638 7472
437 4210
1585 4757
8251 313
1938 3181
6387 1416
1326 9412
8973 239
5872 9594
4310 8198
2253 3698
8615 2490
2179 1100
2816 5816
5840 2844
658 8478
1394 1095
3767 2980
5852 2017
3293 8869
6278 758
284 7604
1249 335
8923 7121
9929 3232
6398 3261
6930 5012
5751 9109
6112 8568
6003 3030
2490 6661
1507 3884
7756 5274
7943 4686
8371 2314
4633 5727
4152 4918
4409 5401
5253 4410
3600 6261
7642 9998
9522 5650
5009 6351
5838 2199
4918 1840
5229 8487
8502 7816
2371 7336
4168 1392
3101 3617
4786 7734
9344 16
3730 4832
6496 62
9242 95
7402 7963
93 8002
4691 6181
4352 528
9460 349
3448 4688
8836 3028
3582 2285
363 7751
3678 4543
1367 9543
3356 1790
637 8165
7701 7133
9306 6942
7228 6707
5983 8400
5787 674
4581 139
2281 4040
488 5729
9807 402
8757 3389
2688 199
2218 7445
5821 3585
6987 9177
6454 8703
8421 4154
5835 7726
2175 3062
5512 8158
1462 1298
9911 7122
2516 2192
1161 4083
9000 967
4486 7757
5435 7174
9035 7653
4618 4855
2317 2683
5111 8771
1385 4610
2925 7220
2335 6179
1360 8926
4336 3901
1303 5326
1022 3819
8597 3262
7903 7596
5309 3467
6431 743
640 5465
9476 6337
1399 1792
9020 7589
1641 1483
2198 4566
8703 4533
744 1141
4538 6160
5043 5841
2564 7144
9660 1160
406 8641
9835 6794
2107 7345
7537 3826
2809 8091
1241 5287
9883 260
2875 1524
2822 5073
7169 2603
685 8993
3745 5223
6231 9867
2142 8795
8089 1801
9955 8495
1521 867
5288 4707
8212 3904
9613 2100
1994 853
7387 2956
2193 1341
5559 5015
7493 2727
7619 9257
2798 2442
4479 9029
2308 6621
7823 396
9502 8856
9971 2101
802 6337
6808 9014
1319 6420
1113 4393
8353 9580
7349 545
1999 3986
5560 9492
6713 4257
8749 590
6699 4306
9619 85
2006 8521
1561 1507
8455 1531
4687 9257
8947 1494
8271 266
8994 462
4659 8425
41 3086
8970 2040
7072 5608
2611 4863
944 1359
5453 7643
6744 6151
8808 8750
4671 368
1335 3125
1899 6022
2382 845
8596 1731
2190 8668
2193 6849
7092 3314
9935 7140
6433 8085
2747 9044
2948 3691
1481 8401
2413 8226
4551 1220
6975 300
1588 8311
4505 4566
5411 7966
6490 4006
9697 8681
2673 2968
6608 843
6282 7622
7983 3794
5706 730
3916 9733
5500 5398
9213 8992
4702 3763
211 2755
5143 2878
1065 9648
7444 7556
7613 5013
1561 8388
3693 5314
1355 1379
6157 8717
9001 4140
2510 5786
5949 6426
5518 2527
2902 5809
1519 7604
651 2809
359 5794
5688 2503
6520 4210
1137 4132
9223 2699
3598 3994
9092 4953
5374 6327
4748 5453
466 7258
2317 7494
4763 8915
21 8744
4723 2619
7427 5374
5428 8865
1167 1115
2446 7687
6405 3584
2897 5627
7362 6495
9622 6453
2527 6074
3858 7275
1526 4325
5612 4923
2897 1453
3837 3997
1275 8560
6616 8702
5013 3123
8645 7259
5317 1091
6025 1721
5754 8922
7349 3115
6496 8049
646 101
4122 4504
8455 6727
9908 5145
1649 3884
7677 5486
7881 8953
5125 5576
8733 1216
8699 7378
8475 4015
9548 4499
6816 5301
4500 4164
9495 2074
2212 1219
2175 7413
6802 1708
4139 6710
6854 5789
593 4530
2353 9553
4561 8557
5128 3294
9773 4905
1750 8248
8921 2376
2746 6815
8756 8325
978 8250
398 4269
547 3652
2760 7349
5361 6899
4058 2214
3766 5730
7823 6120
5283 3463
5755 1489
6757 5528
6395 9586
3775 6394
1961 7600
3208 716
5925 5265
44 6323
612 591
9976 3372
7940 6415
1349 3077
9708 5116
9886 7530
2314 6247
992 9148
7737 8828
4675 5210
9492 9529
1603 2531
8208 5890
4326 4132
1154 4370
1533 2845
6040 2587
7296 5059
9002 8645
8136 9788
4839 8021
8397 7153
4268 467
6301 3083
9296 2054
8293 9866
1583 974
2397 869
6864 6723
6080 9097
2172 7613
1941 8212
1279 315
4349 1359
8960 2484
1147 3799
1584 9544
2030 6931
10 9410
13 384
1464 9385
250 4126
358 3726
6074 8301
1527 2153
7397 3699
9766 416
2990 2123
731 7339
3483 769
902 5709
4568 2486
6331 7678
495 6341
7087 1587
7805 9630
971 9134
4834 2408
2859 907
708 4386
3060 9184
9165 3905
9600 3233
6028 1409
571 589
2178 1473
6298 7826
5038 2628
5503 6612
48 2589
8199 7853
3298 248
8065 8132
2656 923
9040 3364
6388 3178
2547 6631
7083 3225
9864 3111
5713 1514
4779 8971
2987 1077
6796 9105
4784 3377
5716 5911
7045 4994
4842 342
5242 2906
8475 7899
4908 8593
2341 2375
1770 5968
9006 8854
271 9949
3043 5985
1462 7822
6034 5528
9978 2829
4632 5841
6206 1427
2830 3250
6421 7673
4672 2741
578 4225
1718 6566
3896 5139
8941 5666
1106 9025
5598 2456
8973 9720
9520 1513
8621 5553
7042 9677
9461 2752
5517 5666
5258 8348
9996 2757
7099 4667
5499 8756
9971 7217
5321 3866
2355 5340
610 4540
5444 6209
6997 5495
7007 6516
7009 5627
3148 5129
5304 2608
7881 1899
9354 3139
1325 9349
5896 8424
5094 2473
7180 5064
9691 3579
8 3124
8920 618
8744 5442
7906 5740
936 4913
3334 7945
539 6482
3073 6922
169 2033
8822 9523
5172 1225
8871 2146
9650 5043
4620 7908
1185 5389
2565 1193
9592 1484
2890 8335
6926 796
5153 8942
5709 8488
6886 7327
6048 1038
4249 6217
3071 4149
5739 9322
5374 5688
2546 6102
1809 8245
5088 4073
3633 7654
6345 4304
216 9236
2638 8222
31 8871
7163 5740
8437 4048
4145 5563
6165 8394
1780 9236
3621 8598
9636 74
5365 2182
7255 8253
426 2343
2326 5139
9997 8671
9443 212
7906 3159
9513 7937
3108 6675
4755 1544
1802 8901
7108 7967
8373 9967
8282 3073
9643 7917
3147 5007
1177 401
4339 1604
3823 6665
7822 3819
5335 8343
5111 4320
2580 5702
3335 5689
2377 8091
7233 5258
8070 5419
4303 7521
5385 2584
593 5028
1580 4819
1113 2757
6300 5452
5440 122
3195 4340
5021 8531
2682 131
2850 5263
6912 7264
951 9289
6433 9263
4546 4502
4682 8850
3102 66
2512 4774
6173 4092
9594 8366
7929 6972
3817 4447
7094 7013
8788 2114
6622 1469
3324 550
7811 236
7814 8762
603 4247
9104 6229
9828 3785
6157 4008
4930 8669
8783 1103
3840 9455
9469 2847
6426 4364
8373 4598
2455 7160
6713 155
9709 1115
1784 8598
2430 9599
7360 3034
4924 6463
341 5830
1326 6498
9839 6256
6245 8621
8438 1163
9154 8985
5089 5579
4428 3462
176 7962
1700 7968
8118 2487
162 9902
1085 2592
578 9524
6705 6581
7065 8125
2411 8391
4622 2249
4646 1946
1948 4163
4188 1101
3147 9278
7759 8654
3818 9014
6616 5518
6982 4733
8006 7144
5713 9091
814 6292
8614 7520
2872 5678
5644 5283
5147 1345
8611 871
4370 1637
5034 8558
2738 9261
8914 1575
7914 2731
589 4529
9329 7571
340 8413
5793 6054
8582 7686
2345 8274
5205 6296
5030 1928
2658 176
4352 1268
1047 9801
3985 7161
9437 6723
6421 8351
9378 4334
2160 9967
9943 2567
8616 282
979 4408
6336 9561
2093 9760
7834 8378
7135 2863
1384 9793
3039 6815
2139 5166
6615 6124
2326 7130
3926 9826
5480 3303
5238 8720
3269 5180
1286 1884
6542 2266
7371 2877
2905 9464
3716 1818
8920 850
4681 1382
642 8800
8197 3860
5044 5890
9985 8449
3020 3910
8274 9579
8292 3511
9377 1560
9771 663
4523 6312
4008 1893
267 7992
2435 5062
9810 1355
5912 5570
3816 7633
4369 3092
1493 491
8982 2556
8940 3080
7545 7213
3738 5836
1802 3114
8475 1572
4856 2997
8963 9943
4890 309
7935 7325
5371 8823
9759 1283
4392 3575
9995 9840
6667 2566
330 6727
6201 9270
886 3745
7561 5703
9581 9364
8817 8055
2014 4752
2130 2056
5773 7020
2365 4786
4345 7736
3609 5182
97 9080
9836 92
8920 6502
3737 9250
4308 9939
9599 6273
3683 8238
1975 4343
7601 1870
3476 694
7701 5607
2750 3474
3705 5115
8260 9129
2850 2947
4311 2948
2027 4146
4119 946
1727 8935
1274 7114
8873 1951
3386 3635
189 6440
9057 8869
8310 2532
9563 6011
9218 2312
563 2923
8506 9902
2051 1356
2849 7441
5383 4876
1587 580
6901 4393
9515 9254
1506 8388
2284 5971
3101 2473
2410 2157
1341 719
5768 1983
7809 4986
5374 8372
8988 3880
8274 2117
6315 2201
637 2776
8156 3303
3356 5056
7696 2870
5388 280
2336 7672
6251 6516
1223 8661
8673 3644
458 4441
5627 8268
505 2079
7718 571
5959 7070
3767 2273
9271 4404
6128 8505
7707 9484
3560 5402
3433 27
6761 6848
7699 3011
3364 1
1671 2036
3645 3209
7556 350
2555 8061
2429 272
8632 8389
8422 2399
1740 8771
7882 7869
7276 5589
8431 1914
2069 1863
1941 8831
9791 719
2920 3154
1799 5671
6269 5444
8880 3825
5794 1434
1885 8223
2785 1596
7690 2285
5074 9431
1056 4034
8378 9411
9623 6808
2403 2771
9751 5424
2680 9541
6143 5600
2694 7942
1270 8963
4464 1228
3866 257
3741 6831
9559 6527
8427 7249
9891 4579
7758 2025
8613 7214
1435 9315
4021 3839
3164 4850
9263 5844
4390 6484
2522 8163
5504 4872
8205 9968
6100 2070
1303 9842
9980 861
7447 8406
9189 7337
4063 6946
9363 3755
4159 1876
4148 9260
6794 7312
4109 6056
4234 9579
3618 6756
8820 200
1627 8103
1246 8807
1252 2549
9727 1231
4490 8252
716 3678
6667 5858
1703 7108
9613 6941
8985 3760
7279 5778
1071 2467
2913 5305
2045 7610
3140 1943
7811 5846
46 9057
5731 2377
2685 5457
3608 8254
4787 5403
3010 1454
1261 4713
8562 873
2733 7546
5713 11
4403 6784
2478 8395
3168 5602
6004 7387
7546 4893
3232 8671
3950 8964
2126 7714
5499 5734
5967 286
1137 8977
1740 3477
4769 1380
4350 7502
8927 62
8592 4408
7926 1070
2802 2172
7751 8806
9559 6375
3699 3869
5045 8728
3911 8250
7520 9411
5063 4565
775 6200
3541 3594
9677 9389
4974 5105
7969 4979
6247 6561
9387 4172
8710 2188
7423 6460
2073 6981
2835 6851
1928 8959
6657 5840
7209 4176
6329 2271
8741 7104
9550 3360
697 304
3828 5671
6488 2875
1729 2734
9436 1115
7985 9224
4383 5407
6763 7535
3466 9598
4385 5395
9635 2120
2313 7922
6296 8642
1271 6115
6824 1899
553 8600
3282 5460
5349 9771
8336 7078
3583 7771
8194 1568
8074 3655
8054 4836
1189 1520
5512 5574
7994 6225
7694 1385
4147 5068
1105 5418
2261 7929
8397 2814
7607 1678
8275 2955
2527 6610
33 6111
5459 9306
8758 4611
2960 6811
9447 4149
9410 6037
9723 7403
2262 8495
8788 6409
4641 971
2905 6902
8900 2380
794 6506
4059 147
540 7665
7836 573
3775 3295
9879 3611
8985 2838
422 9511
6987 910
5547 7788
8314 7809
7361 8180
5296 2001
230 9281
9982 9130
1660 775
6715 6798
923 8334
4463 8759
8907 9317
3132 9864
2928 2117
3780 4429
1627 1845
5339 8253
711 4731
6062 8072
3990 2436
1151 4220
1716 1132
4428 4456
1907 2221
1253 2830
554 5716
2668 539
5033 5800
1481 9040
8996 5261
4547 1701
7106 9886
9955 8896
5696 7095
6967 764
9531 8118
6063 2326
9250 1569
6782 2236
3791 8035
5066 5424
4830 8813
7043 9863
4613 8524
9981 4687
4864 4527
6389 3048
5491 6343
1944 2265
3437 8911
3029 4046
8108 170
6372 8436
1740 4232
671 6610
2267 6817
2033 7097
5629 154
8038 1320
8679 9097
6008 4621
3623 2396
7669 192
9818 9613
3537 4333
9603 7645
8379 7710
7816 5830
6145 9556
61 7896
6165 3407
4712 9277
503 1419
510 9620
2740 267
8716 9827
4888 3417
3301 2556
4689 3118
2169 8226
8530 1771
5870 7987
559 4764
3816 7783
5398 4957
5678 2641
8364 1468
2997 9947
2888 3507
644 6707
3774 439
6533 8662
4935 9834
2296 9624
4030 5544
8928 3638
8394 5877
1624 8953
1719 6520
6736 7118
1476 3492
9759 918
4961 2755
1943 7849
6262 3667
4555 1114
4106 2166
9776 9041
3078 3151
9744 8187
8695 9750
1824 8168
6705 3448
7120 8425
1046 4934
5542 2522
9506 5300
4520 4466
8056 7542
3393 5396
1208 7948
6511 6393
1192 7365
6513 4270
515 6256
2456 289
7084 5359
8457 3789
9886 6655
2213 932
1589 8834
3454 2173
4133 9053
6639 3267
6595 31
9743 8882
9058 6253
5275 249
4696 1787
5598 5212
9122 9133
6580 6205
4491 5036
1072 4376
1690 4364
5308 4358
3197 9842
7610 8410
9973 4248
2755 7646
5358 3576
6528 4415
907 2881
5743 5604
4668 2419
1894 4868
1551 8474
2151 6042
4588 3224
1497 7357
8667 7884
2794 2943
8804 403
2431 8777
5731 6265
6422 1088
9842 4028
5504 748
6909 2325
7431 2655
4745 9325
8602 6296
8877 753
3417 4543
5056 5993
1900 3722
3876 5773
7744 2680
6176 174
2535 1906
7519 35
2995 7360
5143 9578
9187 2051
2981 6618
5786 7726
7021 4387
5101 6977
6219 9597
1519 1274
5589 3419
6076 543
9192 4898
4302 6447
6152 6837
8353 3670
7952 2426
2108 3094
3082 2373
6224 6064
69 3088
4868 7091
8555 9969
4067 4773
9565 6665
7127 6232
1163 4281
7855 354
9179 2156
7880 5330
72 7312
9000 8024
9738 2186
2196 3899
4560 8420
9963 4629
1508 5909
2798 1141
5878 7944
5914 6521
4609 4119
3832 5772
8400 1686
7205 7579
3842 5085
3987 4993
2396 4066
4095 3212
6252 6291
8190 811
5790 9231
6520 8377
5140 396
9518 2096
8341 6510
8617 4028
629 2448
9800 9029
5213 8083
6607 134
4246 1673
5127 7721
5739 301
933 1990
6592 9123
3881 3460
9433 400
1836 4572
796 1353
6668 215
7864 6363
4243 9572
9891 5121
8600 5103
3204 6286
5237 7450
7959 1443
6250 3697
1744 7183
6766 9415
7384 646
2875 6816
2125 4711
2466 4001
7144 9134
4216 6086
5497 9539
5657 5387
4659 5335
1568 8942
2699 7885
7471 657
9328 3720
5433 1071
1981 2199
485 443
3924 4439
8339 6050
229 804
1129 7373
1017 5345
4537 6514
5962 1272
2979 621
7686 5626
641 385
3510 9191
2121 2837
3989 7555
4987 5970
832 6552
6414 4756
990 5831
1884 1219
6635 3013
9671 7652
9438 5286
5244 5399
6558 9302
7099 4244
4928 8820
5708 9517
8010 7829
2354 1999
6462 8420
9048 8373
4971 6540
3129 5962
2370 6092
8260 9006
184 7931
7736 9622
3216 4059
6099 853
4439 3198
6176 445
3096 1883
9963 1105
790 3395
4183 7253
1814 3231
6704 6786
9771 9833
3826 3220
7004 2085
3304 7188
1094 2118
7888 5390
6177 3986
6243 616
8263 3497
1061 1358
6459 2102
3543 7249
5497 8805
5580 7312
3114 2284
5176 3964
3195 9002
7184 1277
2165 487
9544 4339
2605 7431
9729 9862
2496 7050
1556 1837
546 3696
4275 8084
5799 8897
5332 1295
7701 1991
9686 815
5354 4861
4779 9628
4941 1962
1984 8186
3528 1527
2524 7212
37 2252
7073 2533
9302 9708
5449 926
3404 9724
9010 9203
8620 5420
497 6321
8490 1262
8215 4922
6123 2993
4550 2143
6034 7613
328 640
9140 2852
7852 255
6183 6004
2788 6563
5711 9317
7489 9115
9040 6498
9396 7660
2996 972
5059 1486
2234 3273
6408 9436
7345 2036
1578 3378
727 2985
4018 946
6916 2948
1201 3098
8952 5069
739 5742
4385 8228
5935 3424
5804 5331
2162 8801
6303 8300
1365 9616
1572 8852
9051 8917
1967 1708
3373 2694
5772 8470
3640 2688
1418 4842
6865 1448
9911 7605
7190 5374
6911 3125
8798 2715
9535 2039
2594 6916
338 5038
6531 1911
4968 6660
1906 6935
8368 6359
708 5219
4828 5427
8986 6246
1347 6929
7695 2336
4533 5963
7710 2523
166 7587
6317 9701
9626 9990
6616 9964
5027 4225
2953 9995
885 5939
8009 331
2297 9796
5550 7125
5222 5614
4450 6570
2543 2144
9985 8155
9186 7695
677 9353
5281 6994
9053 5985
8062 6748
5948 3088
972 9981
4162 2936
5919 3249
4347 9295
3044 975
6419 8266
6590 868
5914 9133
4091 5899
7287 3277
4672 9044
2629 9953
7116 2760
5937 5178
586 2963
9345 1559
2943 3506
5574 9941
6755 9921
9235 877
896 6733
9144 7486
8680 6136
7697 2771
3113 6062
7127 7785
5105 834
7737 2221
3594 4752
7399 4181
7716 7822
6819 1737
1328 3471
1678 9162
4471 1991
39 5367
8724 261
3931 7404
7476 2706
1253 589
8768 8380
8374 3873
292 7190
7173 4965
1941 5650
224 735
3471 8122
3552 5878
1593 6309
6119 6064
8300 7237
2509 7024
8577 7519
5506 6052
224 6759
7720 8992
6217 6094
3943 6509
4362 1115
1473 7382
6765 1698
8118 1315
9820 1669
7193 2491
9057 3311
8555 7356
547 2142
5458 9124
9661 963
6255 9885
8801 3974
9956 5017
1146 3898
2604 5508
6093 5157
2890 3936
7934 2086
5251 8832
4834 3523
1323 3890
7913 956
1245 9540
3099 6704
9742 3838
8746 5996
4802 8626
9971 4757
4721 2195
9734 7326
7704 6905
3561 593
841 1494
2679 7171
325 7513
1772 2727
1402 9686
3684 3726
9225 7862
1508 44
2778 1333
6041 7580
9959 7090
2336 4679
9285 3149
3083 8067
53 6644
9739 894
9217 3496
9145 9543
1008 916
3348 3489
601 8111
8295 904
5972 9803
949 8751
2214 8069
6330 2172
5158 9746
6852 5521
2894 1013
3588 2947
7658 3326
4921 6874
6823 4065
7495 8910
4981 843
3478 6662
8954 2851
7566 6005
3732 8515
5834 5947
6583 3242
8119 2819
2987 6049
9420 6960
7063 3007
986 5799
7412 5907
3751 5313
1050 2325
5302 6031
4247 8780
2692 4279
2709 1337
283 6441
930 7196
2387 8593
438 506
1411 4504
7634 830
1464 5775
4916 3529
1573 3407
9436 6404
8720 485
9808 4021
7595 4054
3879 1366
8333 6588
2703 9696
3029 4712
7970 5416
3304 8408
7001 4716
3991 5714
6625 5455
1488 2620
8984 4141
6027 9498
544 4746
1061 351
8768 9735
5484 3725
1100 4895
313 4882
4590 4421
9595 2560
915 2898
2046 7917
8693 6037
3630 6397
2570 6197
9017 2632
337 5043
2129 1960
9789 4269
2311 9635
4004 8874
3360 5104
3769 4752
1065 9438
9173 659
3076 87
4636 5123
9083 3329
2238 3791
9726 4809
9989 8742
7441 1404
4863 649
3365 4651
4918 6755
5365 0
5629 9804
6184 476
4555 7249
9914 4806
8987 2990
5972 3622
8113 6134
6951 350
9925 7755
6238 991
7575 3679
2396 2437
5407 6840
7089 1403
3594 3532
1404 301
3335 7588
777 8969
5915 691
4853 4901
3681 1903
8523 2872
8037 6553
4301 9041
5386 539
31 2961
5297 3506
5398 703
1424 3565
3185 5019
7097 4589
5320 1510
3255 7177
1557 9170
7868 7489
5149 2627
9393 4751
5499 7429
2382 878
6469 7768
1417 7580
728 7793
2164 6127
9575 3589
9692 2760
8608 7868
7349 5006
456 1683
2182 2014
1931 1128
9503 7081
3755 9974
1831 9254
7403 4213
132 3871
3059 2628
2529 3788
421 4694
993 9996
8283 1763
3834 7969
9631 1183
2974 87
3945 6236
3180 5876
7364 3761
2956 1119
3735 5866
1451 1137
1157 2662
6087 4217
5291 8617
9084 6791
4389 76
7865 2671
2918 1699
639 2549
3961 4692
3715 7906
927 7974
3781 8292
1734 7817
489 6548
3682 1940
8764 5919
4603 4851
1214 972
4546 297
8842 13
1452 6706
2684 4370
9484 4402
7998 3444
9094 2791
1349 1100
764 6210
470 3578
4026 959
125 8787
3978 8890
5784 9660
4819 6998
631 443
8374 9473
456 904
7258 4219
6354 6741
8621 4351
1264 8793
8222 2613
9893 8986
9902 1441
3642 5006
2400 4847
4872 7458
3736 655
7117 9634
8733 8828
76 7106
9379 1611
8011 6636
5830 5443
4456 4450
9794 5720
4321 9094
9412 5293
8080 9314
6734 2800
5398 213
7647 269
7671 2461
925 5866
2094 9658
4693 3249
7842 4072
4860 6931
1786 689
2373 6242
6218 3246
3040 539
2339 2452
6911 1497
2844 3644
4298 9321
4936 1944
9591 3685
4406 1594
9552 7579
1251 4244
828 171
9395 5688
7103 1181
7457 9476
8502 3674
3800 1542
5292 6140
5073 2202
8716 8996
6926 3013
8316 2940
6037 7906
6626 1521
9500 7256
9100 1829
1499 1006
2001 1973
6695 9104
3154 5230
9658 1655
8904 4537
4276 5275
676 9349
8556 9392
8344 6560
3484 6660
9501 599
5644 7205
2120 6223
4460 2298
8052 7038
3305 52
9011 1078
234 3243
6308 971
5978 5211
5508 253
1564 7263
681 120
6654 103
7759 1216
6763 7259
1815 3486
5542 5014
9709 1
7313 7760
7040 617
8892 7129
1695 204
372 9082
1175 7429
5371 6683
7682 6936
3945 8363
8135 1678
8467 5893
3973 6308
4231 5789
872 9773
802 1659
853 9194
498 8972
9811 9390
6100 2584
9594 7551
1665 1848
4979 8116
9610 3740
5051 4634
3181 4264
6312 1647
156 1363
9035 5466
8231 985
5239 112
2645 6092
9306 3143
5063 9117
3611 2241
2779 4283
9793 5524
6131 5850
3639 5741
9590 9769
374 2771
4032 7765
5497 5267
9128 5610
733 8438
6596 7051
8550 319
4221 7855
3462 362
8050 7073
2603 1908
1355 3474
7432 7487
403 2149
4306 9993
2996 5759
3842 8107
3523 9340
3373 3729
4949 5185
2166 2623
3314 1794
2942 7535
9650 7483
8976 7699
4555 2658
9607 6990
6132 8117
5555 7614
1344 9861
7607 4340
5619 1448
2446 220
1866 5820
5028 7895
2083 8274
1596 5398
67 4539
4011 9717
2021 2987
8495 7656
5645 8101
4645 2855
7297 199
469 8641
1138 9155
2981 7836
602 5427
8056 3548
2325 4162
1442 4409
2435 3038
885 2503
8656 4896
3298 1756
7883 1792
490 3527
972 5135
6383 8269
6413 7931
6909 8630
7085 9890
6465 8766
6396 4520
2313 9800
8682 4834
4208 2196
8952 6172
4699 8686
1068 9076
441 8951
868 2010
3557 2919
8224 1018
1187 4636
8949 9175
3265 7112
143 9730
5877 6539
5328 8191
6338 5089
4103 1625
7285 3054
8876 3062
1740 9944
2137 3260
9974 4084
5271 3530
7003 3494
5627 9269
9210 5654
8444 3553
2765 8587
4362 8642
6204 9690
7911 3620
4778 2014
6324 3141
5068 5200
6203 7887
5143 9420
1147 5116
4582 6418
9725 1585
990 6430
1932 199
2083 375
3753 4848
40 8115
4569 6244
8883 2479
9865 4740
5572 6188
7881 1719
1387 5163
9606 7610
5661 1831
3804 242
8249 4608
2906 318
1037 5918
517 4200
6293 5349
126 7413
4542 4695
3656 3425
8254 4599
9244 4904
1866 8203
6623 4332
4444 6229
1941 104
8060 6825
1426 7388
1432 5411
7706 3548
1328 9302
7748 8701
5730 7875
6113 1350
3648 9769
5854 1901
5447 5097
7885 7313
3300 4507
1644 8823
1814 4665
8928 9875
1489 1432
8341 4000
6843 7125
7548 9251
7505 5296
7951 3234
4249 4063
5664 7897
4910 1517
877 1435
6615 8762
8748 993
3268 1471
9816 5083
7215 9822
6036 9783
1253 5455
3782 9176
2579 2408
9505 1162
7704 7455
5476 1952
2596 1139
928 8585
2656 1805
20 9271
1645 9847
1342 4913
2396 1158
1074 689
2058 8189
471 3312
3643 5332
3566 7301
7741 3070
8464 6523
1603 3939
9555 5278
5078 482
3862 8813
3366 3882
8084 5011
4808 504
1002 7204
1662 3156
7894 3721
1344 9444
8112 6067
4776 2756
4446 2516
6905 2909
117 9587
7927 9672
4864 4083
1232 8726
2896 4598
3687 2058
687 8495
2562 2769
6777 5304
5925 5749
9025 8348
5193 8215
5493 9969
970 9940
3563 8954
3927 4759
8540 1854
4431 3403
7016 6742
3207 9912
2419 6894
1969 3106
6467 5611
5875 4323
914 1799
71 9939
1226 5264
9232 6719
6311 1280
6658 952
233 585
5712 8773
3518 1221
3254 533
7963 6461
445 1460
3355 3493
4567 900
9104 1520
5223 17
3320 6374
1034 5625
2716 1344
2343 106
2624 80
1058 2857
1744 7849
2708 5262
148 5962
6874 9191
2423 7319
650 6857
1891 5217
8836 2073
6738 4059
3170 1136
1511 4204
7840 4227
5549 182
4333 9252
1341 6471
2109 3085
5398 4817
8347 5547
1858 5221
4737 4281
3618 6466
1137 6588
1683 9973
8662 9500
5110 1831
1714 7700
7114 9554
1927 3741
814 7339
2993 2156
4888 5102
6320 286
997 5746
5833 2855
966 1648
8215 5663
8114 9352
3330 875
403 1991
1453 6592
4901 3167
4292 2014
3799 7298
5756 5693
5715 8749
8928 603
4929 5247
889 7005
992 7801
9861 3037
9449 8075
9780 7562
8506 3109
9517 9988
5100 969
6579 0
4137 1949
3093 9015
325 8849
4707 7120
8676 3634
7723 3604
9961 9691
609 952
7491 1548
3990 6939
701 3769
5579 9207
7957 5095
9194 3056
6065 6852
4135 1280
9880 7228
294 1284
7156 6081
8404 5831
793 7205
514 753
6895 2202
1706 4385
3750 6775
1323 4451
1622 6902
4737 9579
3076 5009
3713 9141
2939 7848
420 3898
6154 1793
5182 3309
7874 4664
219 8668
1868 733
499 8763
4014 2205
3147 7764
58 5549
3293 2759
2450 8030
2337 5526
4118 7129
5745 7057
4976 7244
954 2209
9038 7215
6597 7990
1878 6816
7736 3746
8628 8236
3587 2641
1519 6734
1483 2657
2282 4777
5416 5812
3885 8833
2416 8003
5961 8162
5060 2016
6484 7093
4225 5521
4308 821
4590 7265
8717 3404
2090 7344
1639 5677
1064 4238
2411 2547
7974 5772
7324 3389
1583 1209
2221 4000
