1300
86 31
40 61
96 71
53 46
40 97
71 48
11 33
66 1
55 74
77 37
18 89
92 70
2 26
6 29
43 92
60 83
18 55
20 72
67 60
68 86
73 5
34 50
38 66
17 59
39 94
62 57
49 53
94 51
80 100
46 89
57 6
37 75
27 57
12 61
84 81
46 56
52 80
72 90
11 89
15 50
49 77
74 98
97 67
14 42
32 60
30 89
32 67
63 26
24 76
87 7
22 32
29 74
79 67
29 90
21 10
6 70
54 80
33 50
12 47
92 44
74 88
99 72
54 61
98 44
2 84
17 91
83 46
64 61
79 60
16 0
36 22
70 90
68 70
39 46
83 97
56 56
84 54
95 4
15 58
48 84
42 66
75 91
78 4
51 57
64 67
23 67
56 93
56 23
28 96
70 11
58 25
67 42
80 27
46 61
86 60
44 94
92 18
84 36
23 0
59 53
67 82
19 89
40 42
12 69
3 48
80 61
73 12
69 18
40 14
79 92
41 90
85 32
74 68
68 97
68 26
7 1
90 14
43 68
83 12
15 62
74 54
74 42
39 80
23 17
71 64
73 55
62 47
89 30
9 22
22 92
90 97
94 45
10 2
12 59
82 94
20 55
47 60
63 52
6 86
36 77
15 8
99 78
55 53
74 31
42 96
22 31
58 82
76 34
51 54
93 32
13 79
53 26
39 15
79 45
68 14
88 83
22 52
60 44
5 33
75 47
96 63
44 53
45 86
88 62
60 52
25 12
78 64
27 56
75 95
70 28
44 59
47 3
2 52
3 43
65 65
5 75
17 16
60 71
44 65
17 3
83 42
15 60
72 9
70 18
6 13
43 53
84 45
71 53
54 1
17 60
76 0
42 35
72 87
66 55
56 48
63 72
8 0
47 57
79 16
41 85
97 85
38 46
96 8
99 50
10 15
76 52
15 17
54 53
70 19
7 26
68 36
64 42
36 10
99 81
93 39
90 70
0 86
35 20
80 10
73 96
94 26
14 64
45 89
56 12
24 19
54 27
96 18
7 54
24 39
9 13
8 76
99 53
41 100
73 87
76 45
48 70
37 63
100 83
51 55
61 75
40 15
68 1
100 76
55 23
81 30
37 90
73 1
42 13
68 81
100 43
93 14
79 29
77 44
78 94
99 39
68 4
20 2
5 19
44 27
43 24
57 46
13 29
13 21
8 47
2 75
57 95
89 35
90 65
46 68
58 44
6 92
15 26
60 87
11 3
13 20
28 71
32 7
66 46
29 75
59 98
49 15
58 37
17 47
68 63
14 92
49 88
79 9
79 88
77 73
24 9
81 91
21 76
65 80
39 13
96 97
16 79
43 50
41 24
41 13
77 90
68 22
65 8
79 44
62 55
16 87
64 63
43 85
38 74
31 77
53 93
39 69
71 49
18 11
73 25
91 15
14 24
37 46
32 15
56 95
71 72
47 0
1 56
52 39
29 83
83 82
75 21
16 11
70 0
22 8
25 79
24 5
3 27
51 1
9 6
62 46
45 8
46 46
30 64
51 25
46 33
6 87
21 89
98 91
89 86
66 80
65 56
86 34
83 2
35 92
76 98
37 87
72 50
99 2
13 49
27 26
49 0
79 70
55 77
26 44
28 58
90 59
13 75
93 63
44 28
20 86
92 24
38 63
40 36
65 53
85 59
45 100
25 24
35 80
67 28
23 95
86 80
54 100
20 12
28 64
40 48
15 31
38 53
61 78
89 92
98 40
50 42
32 41
55 99
69 44
60 54
23 13
19 44
25 13
74 32
62 56
29 66
8 90
44 64
82 7
3 98
49 8
39 48
15 94
46 84
3 5
4 94
85 90
3 77
8 31
99 3
97 74
94 6
37 41
13 6
38 29
81 77
77 97
36 89
46 6
95 50
66 45
6 69
21 9
78 29
40 77
100 36
50 59
9 53
100 89
59 3
17 5
1 49
15 14
55 76
30 87
20 36
55 42
45 33
37 85
76 36
88 92
95 97
10 60
51 69
64 69
95 8
25 9
22 47
51 18
33 72
55 89
13 66
88 50
17 29
53 4
87 47
67 97
7 17
31 37
52 71
13 13
79 38
89 0
85 40
86 18
11 40
73 91
5 26
6 89
21 59
93 7
3 46
9 34
83 27
4 62
40 50
66 96
16 51
35 1
35 12
41 74
2 13
66 8
1 87
34 61
60 6
52 63
52 27
63 0
55 33
28 61
83 94
56 100
10 91
67 11
85 71
54 16
46 21
69 80
48 28
52 0
91 70
27 19
70 48
53 98
9 1
57 65
67 68
22 34
79 24
75 30
62 28
46 7
87 98
43 38
64 0
74 57
86 43
5 38
6 81
6 63
45 73
73 76
58 47
41 51
93 91
32 79
54 42
83 17
42 56
40 94
65 11
99 37
92 4
66 3
43 63
70 83
38 94
96 9
79 37
26 71
94 59
15 47
0 98
30 8
19 36
1 50
48 100
53 39
48 79
62 86
72 57
61 17
94 87
88 53
100 78
67 96
52 53
32 54
2 46
19 56
85 56
41 94
35 89
72 97
40 9
53 0
26 13
53 81
32 65
84 99
8 16
94 61
69 92
81 38
37 66
60 89
21 67
82 56
55 19
52 61
28 72
61 21
51 80
1 83
10 51
47 19
67 41
80 2
99 26
6 36
92 66
91 13
32 72
69 53
57 88
13 85
25 40
72 42
19 39
91 97
90 38
15 23
45 61
87 31
11 78
63 1
91 95
73 26
80 26
81 71
66 18
79 51
58 35
47 47
73 28
36 84
55 61
94 41
58 4
86 20
73 42
81 11
68 94
7 13
19 88
50 51
72 28
69 29
64 82
43 2
10 79
53 65
6 46
73 64
16 58
85 89
100 65
0 34
25 7
47 10
61 64
62 32
58 97
28 21
78 37
91 54
82 43
86 88
55 58
52 37
15 2
26 81
33 93
14 58
66 28
69 26
92 97
24 49
93 18
37 36
21 94
91 3
2 42
57 57
100 75
94 81
77 86
61 10
44 42
68 9
70 2
1 27
99 93
42 57
77 45
94 99
38 50
68 40
97 57
100 57
37 76
8 64
52 19
5 87
28 41
89 97
68 88
44 31
21 3
96 60
53 63
100 10
54 63
67 53
86 70
95 60
0 47
79 5
100 74
13 88
70 47
23 86
88 45
89 84
4 8
12 70
18 66
99 52
85 50
21 46
77 21
59 55
94 58
95 6
45 30
53 20
20 77
72 8
88 60
58 58
94 53
2 59
4 87
8 25
32 51
13 91
6 6
14 0
98 98
46 17
40 17
25 27
77 83
85 11
19 79
64 21
3 68
74 11
59 73
29 72
29 1
44 44
1 22
3 99
87 49
83 26
66 74
54 8
23 4
19 42
49 83
50 2
30 76
75 59
47 4
60 92
48 27
80 17
66 75
5 71
83 25
79 32
74 7
50 91
10 80
66 51
38 12
55 64
70 69
92 16
86 84
14 17
24 73
14 38
51 20
11 54
99 85
62 48
41 38
28 6
89 32
86 10
97 21
45 88
37 18
14 61
91 96
15 40
8 93
43 22
54 85
26 48
57 14
81 42
91 77
64 36
30 33
33 67
51 47
94 8
42 58
16 23
99 91
82 59
63 25
47 83
76 73
98 32
87 78
41 44
20 71
80 50
3 79
83 55
92 76
29 0
33 11
23 98
68 72
56 30
63 2
75 76
36 28
19 77
38 39
47 17
55 51
62 37
72 53
12 67
78 43
9 45
14 66
41 77
34 86
81 76
28 16
60 7
53 6
91 7
23 52
71 57
27 24
69 71
67 79
82 47
10 89
23 10
75 70
86 69
52 21
15 11
95 68
85 51
76 74
69 87
35 40
43 28
64 12
66 30
57 47
77 33
2 66
43 43
1 96
11 53
31 78
61 82
28 2
55 98
89 56
85 67
76 50
63 32
63 5
31 65
7 38
36 18
57 18
96 38
35 91
40 57
54 95
12 57
90 34
12 52
66 76
23 64
40 60
38 14
64 74
32 87
92 9
41 54
47 42
99 64
47 11
20 5
74 9
39 87
27 71
28 50
34 68
76 38
82 39
78 81
25 70
90 32
90 37
41 33
90 39
63 3
16 49
58 80
77 51
16 4
67 51
38 42
55 87
47 33
67 38
2 22
37 58
59 78
57 15
16 19
85 33
68 59
90 92
4 32
42 20
37 40
83 93
93 29
25 25
33 94
51 73
47 7
54 30
93 4
29 60
29 18
17 33
50 25
54 52
49 17
77 40
42 76
33 56
46 50
96 59
23 49
55 15
20 84
41 49
68 58
83 84
1 48
59 60
96 75
77 72
14 85
48 48
7 60
64 2
85 88
17 40
69 37
90 10
87 24
34 35
7 84
3 9
31 62
35 27
36 78
65 51
62 79
65 69
4 28
82 55
96 51
58 51
27 10
75 27
45 49
10 14
58 8
43 93
35 45
36 66
62 98
45 26
33 49
21 36
4 69
91 100
19 15
17 12
25 92
40 37
40 16
51 64
24 94
22 25
39 58
92 0
56 36
94 55
51 14
91 22
83 48
21 69
63 38
47 88
97 87
24 2
70 42
67 94
19 40
47 77
41 69
79 0
90 29
14 80
51 63
27 39
98 56
43 45
10 5
98 34
8 67
42 41
27 78
29 12
84 42
89 91
77 67
91 66
62 71
12 80
34 5
85 98
62 94
42 72
66 6
72 74
39 14
81 66
58 76
78 41
18 32
32 95
65 22
27 94
94 39
44 90
91 5
83 100
43 48
5 15
88 44
96 68
77 53
44 20
94 28
53 92
14 15
77 74
54 82
33 65
71 23
36 54
89 80
95 56
4 90
90 81
8 100
0 68
60 16
3 40
98 46
80 18
28 12
83 99
1 18
18 91
64 53
50 58
8 54
13 64
0 88
64 68
56 91
87 15
73 56
55 71
2 0
12 37
61 13
55 80
99 20
43 6
40 23
36 7
10 100
75 32
57 61
47 29
17 68
100 86
68 54
82 46
91 42
60 12
88 96
98 86
82 6
58 22
96 95
29 73
60 70
4 16
30 18
46 13
52 11
32 46
66 89
55 92
67 8
88 64
95 69
57 32
79 52
71 5
21 18
60 33
31 11
11 97
98 43
42 64
31 97
21 99
28 66
50 67
30 29
86 0
0 73
42 21
91 1
13 32
85 10
75 93
40 72
56 28
36 27
2 65
93 12
80 92
3 31
93 3
3 34
25 95
49 82
78 100
58 18
92 99
90 13
93 26
40 95
57 99
7 18
7 53
10 10
84 69
81 87
69 72
47 71
17 96
95 10
45 87
75 0
100 67
93 6
27 49
4 34
34 78
87 10
55 36
79 35
66 2
16 26
79 61
79 53
61 45
86 54
69 55
13 69
45 54
2 90
3 95
62 88
50 94
90 66
19 69
26 65
9 40
73 60
19 8
81 99
77 80
31 22
33 0
78 21
58 81
82 86
34 31
97 65
59 89
8 38
18 81
64 3
89 44
2 32
20 23
66 98
11 24
45 93
9 79
91 55
19 27
42 14
6 16
18 24
97 82
28 52
50 82
62 70
5 28
33 83
52 78
75 61
15 92
18 0
19 26
81 92
42 99
15 4
46 43
22 38
86 68
96 7
40 74
45 56
66 29
22 51
21 70
42 29
68 57
34 81
67 22
85 72
27 70
5 0
27 0
74 66
13 25
46 54
65 92
76 30
20 64
33 89
71 68
12 71
48 45
60 32
68 89
87 95
89 27
61 69
52 6
89 16
64 30
13 51
94 60
59 94
15 96
61 27
67 75
72 93
73 54
45 40
42 98
1 98
24 62
32 76
34 20
59 99
50 38
