1500
3367 1562
2739 1851
4089 383
2495 1321
3928 4875
2161 186
4452 519
3031 3603
3351 3017
437 1647
379 4290
945 4630
2706 1961
2410 309
642 2268
2863 4772
4593 1364
2385 3681
1747 4880
1 1437
4755 2926
1624 4206
4208 4655
3572 3321
2671 4009
4969 3813
4061 1676
4205 2529
3637 1614
2838 4280
4645 1463
4814 4237
2827 2199
3680 337
2078 4445
1774 2595
2370 4161
2564 2340
3816 1135
660 2249
906 1391
1825 4968
3068 1029
2496 2467
2644 1097
2509 2288
3323 2323
2288 1150
4522 967
2250 2362
411 4787
4958 3544
3948 2521
883 3526
4419 2307
1537 1087
3698 3362
1054 2528
4392 4314
4996 2035
1173 2504
85 4496
589 2373
1408 110
4104 4421
2473 277
4208 3193
3822 3918
1476 467
3206 894
2774 4743
1981 2235
3105 3799
4763 2496
3875 520
293 810
3788 378
305 4377
3515 2477
250 3381
1897 3486
3658 1867
1678 2479
784 3154
3710 4753
4811 2246
4496 2554
4481 2600
1352 6
858 989
526 1151
1799 76
2292 2868
4454 1569
1107 466
4950 3004
3952 3608
634 629
1849 2181
4546 1321
1934 4356
3568 1429
1909 3048
4792 4025
3817 649
776 106
1800 3339
182 4092
1969 398
1424 3076
864 1373
1842 578
743 2476
1207 2593
4658 1515
3914 2354
1633 3244
3783 3543
1292 4337
3330 871
4986 4869
977 2548
3207 1160
1639 938
1558 3826
4014 3186
199 856
3764 942
4095 734
4298 4515
2249 3975
1868 4646
2218 1413
3951 4273
749 2280
144 734
2911 1121
3282 1881
3044 684
2819 365
4510 1833
3551 471
3452 3077
2177 2546
4574 1474
2061 2586
1211 3929
2231 3430
342 1181
3465 1854
4224 4372
2589 2134
493 1633
4015 4300
3080 1834
4665 3353
4430 3978
3824 2881
2818 1000
426 2391
3238 2487
4977 4449
2179 2207
3641 2521
3388 2106
137 2611
1477 2726
508 2733
122 4523
2796 3202
2119 2460
2317 1548
2201 1141
4429 18
2141 618
3172 378
3105 3149
590 283
355 4231
3567 4507
2099 3705
2117 4340
2193 2625
2835 3078
2911 630
2043 29
3854 4360
2341 1817
500 1769
1835 3405
2387 6
4546 1255
3918 135
2301 4274
129 1631
3780 2228
335 1659
2330 3291
47 165
1369 3721
795 4175
3750 411
3534 1090
2228 4798
3623 4826
3202 1772
595 3510
3027 4513
3646 1091
4549 4538
2722 3328
1765 3820
750 4859
2110 1560
23 4242
280 1581
3416 4793
1993 2713
883 4984
2510 268
4810 1474
2803 404
4984 1593
679 4392
2684 228
3929 405
4319 1457
4225 68
1315 2097
1628 1338
2102 1908
3682 517
1701 674
3993 3347
658 1502
4378 1230
2976 2180
2397 3723
3773 3076
3114 1456
3304 2043
2624 2623
4263 1848
3454 577
4709 82
2678 1810
2753 1359
3090 216
2034 2083
4326 3455
4348 4466
447 3087
2409 2844
1809 1181
919 685
3401 4224
3491 1787
2609 2753
4399 1062
3330 4107
1144 1007
916 4661
2367 4769
639 163
2614 728
4381 1962
193 4828
48 2602
2671 2620
4547 4353
4068 3710
3576 2559
496 1184
311 657
2247 4405
4764 4154
411 1442
4577 3541
1211 979
3704 3825
1707 3847
1549 2663
3674 2360
265 2107
742 574
1460 4811
46 35
2369 1305
1983 3443
1963 4993
2847 1726
4909 4022
3932 248
2562 905
1227 2029
492 2934
875 2042
596 4550
164 1624
1656 907
2961 3116
717 3007
3915 3849
4313 1660
2291 2038
1652 138
4527 1560
4160 3458
2571 2484
125 3798
4513 618
2494 388
3423 3091
700 3587
477 3119
4494 4202
1998 210
2208 912
4059 2283
2572 2113
83 4987
3014 4611
2309 2936
3068 4881
419 3957
3678 4933
4575 1172
1083 2997
25 2546
1583 1265
664 1077
466 3425
2050 3438
4337 1872
1483 2671
3985 1567
2657 1998
1177 4967
4934 7
609 1115
3964 4287
1810 3538
1221 3656
2297 2009
1201 3881
3275 2629
720 4504
1053 2770
2941 1153
404 4425
3824 151
1754 2244
2149 2931
2210 2845
3701 2819
4724 2665
2868 1533
1965 4853
189 4263
1861 1390
3906 135
4782 388
4640 835
3921 3343
1988 4326
3530 1574
4477 283
3818 2389
3977 1790
996 2678
371 719
1105 3240
2253 3070
3092 2442
3095 4953
4595 2763
851 4377
3151 490
974 2072
4596 3725
1397 3126
298 1636
4172 4117
4025 3149
906 21
826 1278
1503 2694
280 3756
763 4135
1960 4622
4087 2318
2384 700
2457 535
1953 3431
3370 1549
2155 529
4675 3216
2165 3846
2332 1190
2757 4002
1974 4346
279 3477
2039 1322
2996 2803
456 718
3187 305
3036 570
1006 492
1868 2959
4686 237
270 2603
1529 707
819 3695
4554 3914
647 3073
2915 3384
2419 3957
2623 4458
278 618
2260 1497
2100 446
1803 135
1780 3572
1391 4411
2293 1839
411 2564
4443 1940
3271 1024
634 3587
4938 2044
1660 3616
427 4079
2572 3051
3536 3614
4432 1559
110 1531
2768 2676
1667 4548
1247 3821
4722 3541
659 132
1104 864
2072 137
1888 3470
3725 1826
513 384
1204 941
4463 3776
4755 2998
2389 4186
4557 3263
717 2325
938 3147
2635 2949
1967 2356
1489 3389
2488 3356
4254 323
3493 1141
3793 2217
3730 68
3364 4934
1772 2826
4473 1526
1587 2624
712 1906
886 2192
4231 2588
338 2629
536 3068
747 2788
1456 3999
1906 1472
4322 398
2614 3877
3379 2106
3945 2505
2803 717
331 2275
3006 2681
661 4481
4587 2311
1672 4581
4899 2773
2209 1197
1603 2956
4748 3823
1954 1653
294 2038
2814 3671
914 1192
777 622
3698 4343
2102 4792
1617 107
2472 3041
4589 2058
351 2023
1638 249
559 4610
2209 2162
3329 1956
984 1045
3609 1279
3084 1423
4950 4761
3378 1489
382 2838
831 2484
3392 3211
3355 1626
1252 2943
3685 1603
728 1085
2616 1287
1458 4825
4213 549
2544 196
1594 1152
2238 440
3338 2951
201 2479
202 1346
1079 1034
4594 4472
7 2948
1097 1259
1653 544
3626 2381
2393 2004
3669 4614
1828 2881
162 134
3840 2519
2050 1841
2960 1150
4792 3924
3629 4994
1032 471
1790 625
4943 1798
4336 1802
3820 988
3110 2445
3370 1265
4449 2801
878 2040
1444 1803
2174 283
4322 4987
2887 3044
1137 3441
2730 4766
3435 4526
999 987
150 941
2785 4487
3507 2368
474 2379
4813 4607
3644 24
2407 284
2064 3851
2850 0
4898 2171
4988 3547
978 1124
1988 4471
1652 422
3996 2652
2172 4910
4356 720
158 3625
3088 632
1003 2900
1002 409
2924 3409
1456 750
3023 4306
1514 3683
2240 2264
2229 3218
4151 4217
3451 802
401 2447
4217 2574
2356 4336
3294 2514
3723 1381
3909 4727
43 4911
898 3731
4083 2355
243 2105
1660 1757
1550 3900
4021 3779
2880 3171
2996 1331
4737 4160
3778 4716
1733 1896
4814 789
172 3537
2933 4081
4026 3740
4755 4924
2470 3837
3041 3476
1704 4702
233 3254
4364 16
2795 3007
3951 1553
4338 4450
713 3878
4165 3209
773 4742
3999 1708
3278 2694
788 2303
1433 542
2989 4666
141 1030
3142 2608
1494 4138
861 1620
4917 4420
4627 3867
972 3964
4079 1685
3604 3244
657 139
2985 418
1847 2025
3112 2636
90 4546
3941 3079
4974 4846
4872 3878
2453 1365
3015 4078
3749 3695
3497 3375
3324 231
2339 2403
2680 942
1409 3337
1845 156
3755 3692
2181 1866
1327 2271
2174 1031
1112 2911
876 1747
1788 4092
3112 566
3169 1860
4261 1665
998 2584
2660 3337
749 339
41 2921
3676 1886
3077 2430
1341 1020
58 2668
4054 2233
4462 929
906 1100
2676 2694
192 1550
3260 3361
4174 3283
789 171
1630 3449
4271 2379
3788 4312
300 3226
1961 4140
655 3302
160 1476
1732 4214
4472 1957
142 377
3057 3581
3072 4012
131 1331
2373 4305
4615 3925
4476 2007
3136 3746
4386 2686
3820 448
911 780
4589 2329
4845 4749
3805 1577
4725 3277
4297 630
3654 2353
4211 2488
1365 104
4583 4501
4409 4960
4188 3884
1966 2323
2629 1351
771 1449
2563 1682
2992 2151
4774 2837
2662 4341
176 3149
2617 4473
4542 2034
2588 4516
284 3953
4620 4867
4216 4029
4826 3403
2912 2554
1488 1304
4669 2259
3516 2231
4704 1507
4382 4477
106 2806
3818 1045
954 2197
517 496
4994 3106
11 278
2821 393
907 2037
4422 1496
1202 3097
4050 2691
4401 3718
4950 3679
948 4654
185 1092
4893 1055
3898 3710
2100 615
1670 2618
1111 2426
1486 1885
2704 69
2278 4375
2869 2463
870 4072
559 4920
2525 722
4401 2474
4401 348
2890 348
2204 2783
1403 1101
2255 3504
1716 4688
1884 3590
2114 4133
1237 580
4202 4279
4955 2071
1741 1587
1905 3063
1507 4430
3785 1670
2666 3948
2018 556
4296 4222
3339 699
1086 1356
4966 2802
1044 1849
2155 3158
1744 3392
3738 945
2670 4456
3779 4411
1042 1446
2473 3312
875 2020
4982 3542
967 2763
4861 263
1984 3199
1725 3833
317 2453
2398 1361
4302 4553
281 1045
2944 4020
2753 1377
3475 2295
1550 279
3741 4787
3592 4617
1806 3573
3921 3537
1335 3781
4563 4083
2742 1287
2915 3059
4503 312
4421 3804
627 464
611 4335
4484 4127
711 3721
1421 2261
4001 162
2047 3355
541 4617
1927 4462
3153 4026
4005 2715
3108 1746
4765 1785
567 4267
2861 750
3833 3488
1215 206
2822 698
95 3533
182 1517
1557 4946
2442 3604
3300 3746
3983 989
3970 2135
14 2974
612 3885
4720 1139
670 286
1168 4294
1800 763
2781 3015
1732 1366
3713 1828
661 4658
4108 2218
4603 1549
1585 3665
294 567
417 4264
3466 431
3000 4841
79 3482
1743 1512
4531 2911
805 1330
3675 3586
4345 406
714 3821
2997 1376
3478 2104
3594 3844
3653 941
3271 4710
1509 3688
4736 737
4883 2735
577 4962
1979 2320
1473 1510
994 3041
2840 431
2389 2185
1600 3104
1005 4598
4480 245
1701 3836
4852 1117
4778 3123
1589 2049
1810 1325
2786 1692
4823 4126
2416 1802
2209 4652
3312 3203
2692 1914
3634 81
4862 233
3185 866
593 3427
1875 2295
2262 1726
4175 2039
4849 763
4088 2422
2088 2636
4114 2674
1762 2293
238 3971
1944 4313
2173 399
1226 1569
480 1088
2565 4428
2717 3159
3617 4592
1216 878
2081 390
3681 1929
1153 3531
113 4005
1167 4228
2441 3692
2283 2679
2662 4227
1991 597
4626 3980
2929 868
830 1256
1058 3548
177 4675
3902 1393
1316 982
2546 4997
3675 4463
4290 3788
4230 1219
3778 1670
4911 1823
111 3335
1050 2865
3932 1438
1844 1860
3070 3438
3880 4128
2748 4057
4566 1649
450 881
3395 3759
1640 2832
3221 1692
2382 2450
2912 1923
4883 2822
3746 4994
1157 558
3621 851
2760 465
3475 829
4666 2354
719 2413
1410 1047
4825 2623
1928 3982
1382 4331
1813 365
1023 4959
3579 3935
1881 3461
2519 626
4218 4439
1948 2838
290 4708
4066 3765
1299 3731
1881 2018
1906 3291
3829 1731
914 1519
712 3059
850 3289
3424 2636
3247 2765
2333 890
1989 4852
1516 1206
53 4227
4807 343
3934 4636
4871 232
3366 2514
3014 1035
804 1842
2766 2481
3361 4241
1302 4974
2529 489
2609 1538
3254 704
2428 242
556 4708
2211 1372
3934 2018
1715 2868
1653 2348
3863 781
4862 2639
1816 1428
4481 344
4673 3605
4586 1737
4341 2114
2226 2713
4416 480
3417 1843
1485 4736
1550 3697
1107 484
1477 3585
4115 3130
1695 3740
4674 2319
1379 2253
4511 1622
2597 4183
989 2182
1682 330
59 3909
3043 4475
4389 2222
2080 873
2721 3631
332 3828
4878 1809
3176 3992
701 4871
2731 375
2190 4873
2628 2463
1495 987
2408 2484
3933 4090
2814 3992
2998 1619
4229 3149
4605 1308
4786 2325
701 117
1915 578
1927 90
332 2628
4962 3827
3766 2914
3699 2156
376 956
3144 2784
3441 2076
2636 2017
1830 634
4400 1821
3783 4004
3129 3568
2091 4594
4449 4006
934 2138
4097 1267
528 4821
856 4295
2734 317
1450 3873
1274 356
2419 477
2432 54
2494 24
1451 1893
1845 234
1659 737
4565 3750
330 4776
3519 1264
1913 2615
3294 2442
2435 4913
2499 931
993 4712
566 2267
68 3748
2744 2500
4565 1000
2525 1016
3657 132
2013 1078
869 2340
591 1199
2116 4110
3227 4029
1724 2283
1470 4922
2196 4732
1615 3189
4444 2944
1218 4512
1691 4725
2774 2018
724 1061
3034 143
1194 809
1222 2063
3150 1813
4026 265
922 3015
4294 3409
297 1527
4093 3256
1258 707
1444 1464
4414 3425
975 1867
3149 4513
3885 4637
1336 2682
542 2530
3491 1764
356 1640
4340 144
1905 1024
3159 1962
4433 3456
4252 4288
1712 509
757 3919
2737 170
2344 4475
2037 1255
3987 922
1654 323
3604 2197
3616 2094
4724 4735
4498 4064
4879 1402
87 3800
4127 283
3019 3378
4571 4731
4651 328
4412 2387
1261 2518
1861 3299
4537 1611
4984 1190
1934 4350
3387 1312
2206 3111
1047 1703
2937 1688
3869 3787
488 2995
4070 4270
1373 4404
4763 1023
4732 4174
4173 992
2455 1033
53 1991
2644 36
3181 340
4386 2331
2416 1592
441 4226
4058 4141
913 2926
2927 2164
1684 2760
1433 3057
2163 1195
4843 2657
1132 4778
4412 3587
810 4466
577 4218
4502 4521
320 4651
1851 3499
2005 3055
2724 1062
2195 4401
4752 885
1564 1435
3645 3761
4492 807
718 96
3464 2613
4874 2875
1199 1446
3103 2539
1426 3368
2823 2510
3018 4674
1008 785
2729 3733
1847 686
3133 1598
1571 459
3033 978
4220 3287
1785 701
4146 1011
3314 4019
4650 276
1228 2752
3578 2654
1119 1400
163 4137
1837 1935
4922 328
667 2532
1014 3800
4893 3349
4259 3689
89 4242
1975 1875
705 1884
3649 4019
902 3298
57 2893
1050 3636
1310 2932
798 2236
2832 2635
4171 3516
2963 4838
1047 4741
4400 1703
3852 4422
391 3941
4426 2366
1578 130
4250 990
4912 915
4288 4970
4571 1100
4368 880
4796 165
3880 2627
3564 3050
1142 1526
3651 2953
2029 3050
4656 1643
3234 46
1347 2659
3175 2925
3552 3188
4678 3464
4103 3966
3433 4436
828 2800
1079 1386
3728 4959
4013 2291
3008 155
4581 2421
3871 2372
1234 3526
4016 4468
3572 362
2890 2509
4050 1441
696 3728
4905 561
3456 4100
4998 4284
2662 1076
1433 1390
1034 445
4444 4805
1363 4024
2226 233
1396 3460
4522 411
2927 3856
1536 1579
1365 585
3021 2061
4313 3688
2623 2768
2788 3383
2815 449
221 4248
2602 1255
455 2046
1822 1819
1832 4048
2815 3991
3270 2337
4402 1197
1192 1700
3539 3320
2286 1559
1144 2361
1010 4530
892 3798
2912 4470
9 3133
4480 3375
150 4935
1183 1972
1753 3015
1020 331
2006 52
3431 2170
2012 385
4634 551
3706 1919
2873 4850
42 3883
4379 934
3443 3053
1166 4216
1185 645
2590 1335
580 4536
4070 3096
3313 852
3427 318
905 1857
3252 2917
3006 2885
3468 1711
566 1341
2323 1371
986 2464
3069 4430
516 4235
3645 1701
4881 1997
3799 460
2295 2868
4319 607
4484 2746
1689 388
365 703
3305 3371
4351 2536
844 4917
3877 3167
2050 625
630 118
54 1909
4354 4462
3610 4997
2221 3171
456 4516
1802 537
123 1285
3283 1812
1673 4412
3278 740
3545 2628
3276 4390
2544 2915
3319 356
3541 4713
475 3595
1621 591
3057 994
587 1040
4165 1806
556 966
2343 679
2251 1389
3254 4687
800 2294
427 107
4922 3703
259 3228
1618 4342
3584 158
4054 4059
4516 1437
412 3335
2431 999
4376 2359
2805 4932
4088 911
1373 2102
2300 389
1788 3863
2683 2978
3970 2604
1681 4230
831 4062
3571 4415
4983 3387
4237 4498
586 4649
2833 3781
648 2971
1139 4216
2902 989
126 37
3854 3189
426 642
2051 3872
4383 1021
1475 1826
1013 3069
887 346
3246 869
4496 3245
1130 81
2894 4726
4625 4305
2696 763
4283 1360
2516 172
1397 1369
3361 2586
2774 412
1457 2157
2196 3695
3983 3972
2526 633
80 771
2265 4576
4780 3395
419 2673
3120 44
2740 1578
1570 2022
2938 4849
2194 97
1218 1318
2683 4755
2493 4903
1911 451
4360 1657
4423 1885
3053 265
3420 317
4841 3199
4476 1022
1634 3358
1066 4374
4937 3400
2158 3637
3248 4353
3735 4466
1433 1417
4984 3926
1320 2657
4377 679
4314 4562
3328 3129
4827 1747
3447 429
708 3685
1451 2342
2042 3281
2478 1978
2443 4636
615 690
4751 4350
919 1183
1529 902
871 3612
3559 1010
54 3636
571 3382
1764 1160
891 973
2352 2362
4658 4567
466 2463
2847 2944
203 1052
2579 818
1742 2330
930 2661
3513 3223
4326 4385
1834 3648
394 1888
2283 1729
1032 4810
3652 2686
1546 1004
47 1966
570 513
4429 4180
4220 4633
231 1799
1213 2736
4129 2907
1160 3404
1129 485
3551 3726
4896 3946
1377 2178
1437 2409
2751 851
858 59
1855 1668
2025 3188
2945 1454
3130 2164
1849 4124
3963 3062
2623 3854
1731 3783
