1750
4106 1947
1952 3679
3306 3553
1448 4019
4594 1469
3077 1097
1277 4101
3588 1326
792 3568
2645 4199
1051 4037
1492 4530
195 3263
3919 420
692 3382
1146 560
1091 3098
4240 160
2413 687
4179 2770
2920 3018
3867 4197
2118 3217
1285 3673
1785 3930
3634 2836
2966 125
3128 3925
4151 2046
107 4843
427 1254
403 2282
114 405
2442 2528
1092 1620
297 4012
400 4927
3972 2518
3143 256
1953 690
4187 586
4289 2915
1475 2416
2602 625
4462 2710
468 652
4727 1634
2934 4841
2039 1138
3131 3894
2758 4191
3669 3921
4117 2640
1438 3023
3659 4154
4476 3608
4740 3765
1523 1214
1180 4125
2603 1405
2597 3071
2057 2323
467 753
2927 2506
1891 1057
1399 411
1011 830
4332 890
4233 1532
3913 2892
685 4152
1499 1187
2916 3785
3165 4096
3673 767
500 2032
4601 3320
118 67
4836 3045
3336 2489
4865 497
3663 875
1328 3757
2529 560
288 2204
3452 1736
1355 714
3687 4271
261 1851
3367 3934
2618 4630
1729 2981
3713 1847
3048 4311
4892 2146
1800 518
2643 1225
2157 3971
4983 4686
294 270
1889 3746
2770 3245
222 1456
2515 484
4070 1644
180 1687
2037 1909
430 1512
3756 3478
822 4410
623 3385
4929 4029
4611 2848
3000 4593
2533 3294
625 4422
2802 3395
3429 3788
613 1707
34 4683
4114 977
2132 1150
2887 2562
3425 2405
1802 4248
2578 3188
2632 3269
2217 3005
1116 216
2597 3649
4273 3223
3833 2837
2380 3025
1624 2994
4732 2421
2676 4608
3399 571
1521 1285
3133 4946
4453 4936
4193 2030
3886 2588
298 1102
592 1414
2081 3190
825 1353
2175 421
4954 4555
3446 2340
2548 3940
4762 987
3547 3160
2321 67
207 453
13 4660
1151 4969
2453 37
2556 3514
1902 3149
691 3984
2101 1516
1099 38
1937 1052
4593 1145
4156 2904
84 3917
4654 4395
2839 1974
4462 3046
3190 237
3468 104
206 920
904 2762
197 2806
1673 888
2552 4537
3167 3652
4575 104
466 4931
2012 4622
2834 2860
4301 3250
2254 2139
223 2478
184 4176
2716 4416
42 2922
1098 946
1446 1295
4516 3883
2183 2067
3419 350
1481 3757
1217 2711
3687 3992
3095 2283
1851 2396
532 4105
4535 1518
1583 482
693 61
4898 736
2983 1758
2445 191
3054 1960
4074 999
4791 2493
2112 2034
2012 4092
4745 698
3084 2840
2981 4935
235 4276
4803 532
793 2148
1014 1486
2209 1674
2985 954
3433 430
1145 2249
3153 219
4011 2943
3475 1123
4978 486
977 484
1947 4061
3324 690
4759 4322
4966 323
4855 758
2471 1631
2244 442
3306 992
1396 2501
1422 3304
512 4575
3523 285
3281 2760
1408 3258
3246 3149
3742 955
2209 2829
1645 2730
2150 1610
3053 2004
3131 1286
3636 1138
1728 2704
2130 3887
967 3552
2954 2242
3889 1476
2527 2169
4237 3936
426 3245
2084 4932
4964 55
2760 1608
2786 4910
3982 1601
2677 2112
2888 1312
3250 378
4779 1142
28 745
4694 2982
2987 3583
220 1276
751 219
211 1941
4228 3058
2635 4191
3877 394
1561 2425
1066 542
4026 4506
3418 2676
817 2430
3055 1358
3573 3083
2866 4029
1827 1615
3374 2047
2892 4889
2267 3866
2592 1494
2687 226
684 1563
1383 2245
3988 3212
3551 3776
2718 2731
1452 4298
160 269
656 4496
4115 3522
3525 941
900 1898
3751 3792
2549 1017
2657 140
3274 343
366 4721
2669 1749
1966 2419
724 1279
1958 3442
4010 3410
2739 4933
4442 3395
4429 3556
2680 3716
259 3580
1376 4010
3134 3926
790 1553
4066 4064
1897 195
3785 328
2707 1513
3511 3431
3555 468
1872 2564
4641 4612
3259 4082
3769 2687
3400 2211
1402 3659
1553 3542
2668 449
2467 4221
2003 1532
3285 4663
2490 2832
4991 197
4345 4264
3628 2899
4732 500
1225 4372
874 4484
4216 405
2171 2615
3380 4336
1273 4933
2877 4705
1145 1106
3925 3148
3402 2972
2810 891
803 3563
1088 147
2827 4717
3809 2558
979 796
2693 2616
280 1908
3021 3214
4524 2163
3312 796
2859 1952
1263 4004
3058 188
2151 1459
3923 4961
3114 4727
3523 4202
636 1349
4681 4446
4671 1422
241 2363
4038 1284
4271 2822
4498 4557
4985 3573
1116 2843
524 2379
1846 3582
3330 3997
804 2253
4720 4681
1979 4006
4645 3378
354 4326
3586 787
747 4591
3150 548
874 3184
3370 1135
2740 4117
4708 3856
1960 231
1235 4569
4576 327
3566 1142
2580 4048
822 321
3053 467
4463 4171
555 3048
4958 2065
2638 3108
2613 4276
2054 1745
410 4794
862 117
3650 3585
1111 647
3153 686
1737 2481
2592 4318
1529 3414
401 344
4644 4864
4515 198
3675 4473
2264 1312
3343 4877
1350 396
2385 1760
952 4010
2640 4602
2594 4514
1011 1509
200 2749
3991 3555
2829 1282
1968 3993
1626 1612
4620 1904
2573 3294
1376 4837
368 481
476 1719
877 2861
4242 1829
2633 1882
2194 226
1395 3968
1735 2358
2479 1488
1675 1070
3533 3644
63 922
1018 4683
2826 3591
3739 4202
4191 4870
445 4667
1588 1322
3290 1593
3914 922
3475 1870
1911 632
1601 4409
3754 4080
897 428
150 192
4835 976
1114 1615
1421 3940
969 159
3904 159
791 4349
588 2380
1433 3878
3973 1110
562 3210
2980 2473
4605 343
1881 4121
4424 3541
4550 336
3734 146
1312 610
2525 3496
4551 3494
3655 4217
3653 4446
4329 3
2588 761
4644 2323
2634 205
1295 614
3441 900
1720 1084
20 1143
4626 332
2242 4122
1242 3554
4732 3767
2812 44
2260 1466
24 1675
1675 4353
1678 25
113 1321
3112 2748
2289 4407
4125 729
1069 844
2576 1090
2751 2964
2185 4993
2085 4190
4310 2580
2956 2121
3387 978
4351 3411
3416 1788
2763 93
2576 3640
2177 687
2150 228
94 1274
1720 1163
2881 4297
3016 1394
2260 964
2150 108
153 1459
3451 3110
4343 1837
4851 4456
1011 3267
2006 3774
4123 4583
3176 2063
269 325
2291 1126
2362 4775
3053 1006
4071 1068
2400 2093
2032 4550
2201 2949
1771 1414
1821 1877
3252 1671
2095 25
4938 4102
3799 4824
3684 2738
1886 4716
3063 4940
842 1188
4714 3895
2194 4547
725 4594
1640 3521
4907 4604
1469 2440
1018 4053
79 32
723 2175
57 1424
1276 4619
1247 722
2356 3896
437 1182
4598 2042
2370 4312
1699 4564
4621 2425
4920 1260
1708 588
1627 3177
3792 2645
2992 3871
3440 3715
1045 3497
901 2321
3115 2148
3043 1234
1806 4244
2416 1404
1285 4786
1478 2985
111 1098
409 793
3122 2880
1382 4749
1819 173
3156 4811
4044 1595
3525 852
854 4427
3936 4732
2337 2742
965 4907
1985 4144
2073 3270
4692 3551
1254 565
411 2426
1359 3533
305 3504
4044 2887
3677 2199
2697 3483
4557 1222
97 410
1411 4034
905 4511
1775 1870
4417 3760
1777 1489
2792 1468
802 4810
2034 1214
2235 4156
509 3304
2659 4554
1190 2098
2515 3888
1343 2072
872 1441
3245 3046
474 4150
3319 3012
1783 3499
2534 3560
750 325
134 3587
3530 3133
2742 4039
1436 400
3592 3389
2498 1107
3039 4605
3942 4674
1045 2949
3482 2282
2099 1801
293 4645
299 2827
3967 1049
3915 519
3365 4050
4107 1894
2182 2611
933 4381
3012 4525
3532 1272
1394 2334
876 1098
2007 2684
4048 489
4966 1909
3053 1021
1553 3352
4611 1282
163 3526
1801 3529
3338 1670
422 1282
4282 1355
1425 3056
1643 4957
90 3037
2290 1730
4899 60
4414 3946
1312 142
854 4365
1926 3170
3479 1537
4452 3642
825 1252
2170 4926
2923 2593
1207 2967
4711 3395
1022 1353
3351 1112
153 1404
2842 51
2227 2256
4760 3539
3161 613
2903 86
4546 2144
2386 3997
785 3211
1011 3719
3899 4697
2074 868
2663 1784
4263 3685
3901 3377
4798 4817
543 3402
4868 2770
657 389
1308 4581
1002 4974
4668 547
2117 2053
306 3665
1027 1317
2383 4926
1014 4457
1557 4440
2004 819
3125 904
4196 3685
720 4739
2086 1350
3271 3507
1739 4579
3087 3504
314 3517
4814 3194
1333 119
1859 2360
2199 4242
3048 3976
4462 4605
3416 1465
1187 2303
2369 1145
987 3852
1647 3836
201 4918
2342 1940
259 1192
1206 573
4709 1019
3768 1041
1901 1389
4164 4100
1393 2975
3839 854
2579 3017
3082 3766
319 1213
674 2069
64 2321
904 265
2238 4010
2968 2497
964 4174
3834 672
955 3364
2477 2856
4753 2403
2719 1908
377 1557
3526 2957
4574 1607
2485 655
2821 3159
2724 3648
1242 4391
4677 3481
4163 2644
1740 126
2581 573
1562 4299
4700 4039
2155 4452
2204 636
1360 2582
2956 4886
1301 3292
2255 4549
3947 838
3471 2433
4487 4713
2586 4163
3193 1749
2569 696
2638 912
2032 4200
211 1732
4001 3129
1183 1205
3765 3306
3787 2483
3954 850
774 1972
398 483
2810 3869
3679 3059
3582 1264
2221 2537
3776 553
3233 1414
1465 265
1376 1676
2760 377
567 3943
2345 94
3012 1131
2577 2728
2744 4114
4700 3142
359 3273
2774 4038
1331 2118
1065 4316
4655 603
4869 3651
2017 1333
4679 4157
3773 2438
4534 102
2143 1878
197 917
3772 3537
3646 1515
2651 4108
419 3010
3143 3956
2811 237
1073 3876
4553 728
4479 4421
141 2259
1516 4820
1415 1051
3020 1711
1154 162
3589 2114
1843 3123
650 488
400 4064
358 819
2074 4265
4776 4885
4502 1611
4523 4054
3102 4764
4237 3243
2022 1515
3825 4200
2567 1844
910 4484
2770 261
1597 4613
3384 2247
863 3784
1311 1984
366 4148
1248 141
4795 1512
2515 4317
565 617
4843 564
3860 1865
2080 3448
1827 409
1054 2738
4893 4587
2999 2252
4199 1383
261 824
929 2335
3572 1295
1482 582
2199 2039
2095 4715
2118 3423
331 1961
3988 4954
4589 1830
3401 1415
3002 218
4153 3657
4805 2915
908 4767
4298 1169
1353 226
3505 4925
2285 749
507 4484
3552 3365
4198 669
1787 291
3393 1537
245 2981
3367 4409
4397 2131
4627 3549
787 194
2226 1695
4961 1523
3628 2076
2513 2895
2001 4798
4407 3271
43 2958
1635 4242
4391 3422
295 2783
722 540
764 4852
712 160
1983 1101
4472 2770
1295 1698
228 2018
3984 3856
4095 2259
2513 1095
2819 1919
128 2863
640 1763
2867 30
947 3925
2813 1669
4466 4340
1521 940
4500 3504
2041 4735
2036 3337
2195 2264
1117 1941
1882 211
4201 4395
2069 2782
2077 2197
1407 2717
4723 36
2747 670
3962 1322
3102 3427
662 4623
129 924
3889 2170
658 925
1269 3616
3952 2387
557 834
2598 520
228 4668
3302 2305
2627 472
784 2350
508 3531
3783 4470
616 1884
3659 1278
2270 3788
2202 1158
958 3624
2083 2227
3002 1035
376 3559
2632 2975
4842 2860
3405 3907
928 1794
4379 2475
4907 4887
1769 3689
119 2385
1336 3778
3663 3606
2566 1627
4764 4287
1013 2610
2276 4016
4408 2653
3337 2039
1390 3179
661 557
2085 2352
2351 2226
4828 2258
2875 1596
1709 2994
3981 3045
1772 3406
1650 100
795 2177
4387 1809
4787 2425
824 4194
77 4924
1232 2230
3102 1893
2787 949
4246 138
3175 4836
3159 1050
1431 4868
4044 1174
3676 1578
342 325
1678 1137
3265 1064
3709 3051
4253 295
3007 4330
219 1
1560 3321
1895 4347
33 1903
247 3208
2501 3406
20 3932
3274 4828
868 1949
1405 1210
3037 3084
3110 2065
4911 1819
878 4163
2114 3886
4256 3096
3887 1578
2180 1544
1687 2213
4210 1935
1183 1710
340 1204
1404 4377
1794 2272
2088 3962
4245 888
2808 2355
2953 2719
4174 3831
2644 2050
3479 2662
909 2366
4240 3089
4673 927
301 4646
3625 1484
1355 3965
3451 3523
4105 1007
794 1192
4970 39
2843 2777
2394 795
1258 2330
389 4666
142 3868
2327 1051
1996 2330
4140 1669
4020 203
2077 2644
1688 3432
2371 901
1954 1475
2672 3512
3431 2641
3551 1273
417 1707
2832 2439
4800 3221
2104 704
2088 193
1756 4848
3286 1658
1516 2305
1862 3593
711 4313
2787 3083
976 504
320 3648
4779 4514
1288 3329
1550 2469
798 4382
670 1360
2602 3537
2064 452
3730 3820
299 2779
1241 2578
846 3103
1933 1558
3178 483
403 4154
987 1486
2802 765
1000 4853
4857 2550
3084 1417
2694 3754
2777 1058
2290 603
1510 1783
186 2573
324 1427
913 1170
292 2847
2728 3470
3330 3894
3386 79
380 1187
1607 2143
1803 2226
455 649
3643 3912
4404 2182
4970 2456
2785 2242
1 2971
4815 325
160 728
2259 452
4338 749
3922 2667
4644 2308
3509 786
4258 878
3692 1823
3104 4147
2473 2509
3058 2639
4691 3790
857 3238
1031 859
1972 846
1947 2132
2337 4969
2585 1674
718 2269
103 361
4577 3612
1147 4598
4490 601
1420 3356
4748 4656
864 3568
2294 1317
2357 3152
317 3388
4774 2289
4997 2483
4422 2333
2452 2769
4770 3170
37 4873
4294 4615
4247 1203
4975 4499
1804 2157
3617 2314
1813 4481
881 4107
1560 4001
3021 1878
2388 2794
4167 3148
277 4351
1243 3492
2119 1013
2424 2157
1648 1717
2534 1658
2920 3271
1919 486
427 536
2800 2240
779 3681
1347 2340
3444 4368
4218 1594
2925 4147
4742 3965
3498 1748
2456 1379
2761 4880
3536 171
2359 1832
2592 278
102 4512
1527 530
47 4327
2770 1589
3770 4880
3929 2213
4248 3909
3807 2935
3819 3549
1899 3079
296 4355
4458 3820
4997 3757
4754 2355
1351 2346
3396 1454
2620 4923
2747 3430
4249 1279
18 3018
1159 4711
230 1169
3619 4800
4104 3200
4111 1002
1278 4407
1119 736
3989 1115
255 4506
4233 1606
1851 2628
3060 4471
2550 1569
3663 2561
2849 3681
1341 4008
3391 2334
939 2773
2133 42
972 1244
1807 2251
1413 2926
3750 1165
4804 4005
670 4036
1373 3284
1663 196
3517 4976
1765 2179
3299 4614
859 4640
4384 13
1973 1085
2786 4869
1127 4521
1112 3697
1771 3289
2385 1283
4454 2188
1050 123
1986 2424
4170 4412
2620 2686
149 147
4865 3448
4762 1486
3087 4908
1499 822
993 4285
691 2883
3806 1803
1580 1339
91 4728
3386 307
2679 4436
430 4665
2622 4600
4840 241
3048 4989
389 2912
3437 913
4399 1523
1583 897
3109 2576
945 3800
1222 513
1365 2802
2615 1457
3292 1000
1764 970
436 2958
1398 3821
3320 1237
4063 1368
1225 214
42 4662
1890 4441
1948 3473
1101 56
1812 2809
3856 3034
4085 220
1598 1699
2440 4890
2700 4968
1623 3899
3688 3021
2719 2770
4258 2544
4138 482
3521 4944
907 410
146 3618
3884 2010
3674 1458
4819 3292
4492 3903
4275 1089
1365 2478
978 4065
3208 2601
3726 1895
1384 2207
4665 641
4752 4566
1887 3272
271 3557
4446 417
2174 4092
2428 1610
549 3009
4902 40
2675 4939
1129 4040
2416 2870
3867 623
1234 3355
2518 2618
561 2946
4023 312
3274 1672
4348 3545
228 3793
4725 2402
2884 2152
4775 4196
924 4676
4236 3599
4614 1127
3401 2793
3997 2267
3416 993
1384 1697
3612 1945
405 3397
3021 4442
68 2368
3749 296
1923 3473
3461 569
1388 3998
4765 2312
3673 4763
910 4049
889 73
1841 648
3103 1020
2405 4487
3480 1016
1431 3885
175 214
3326 243
2582 2074
1302 267
546 525
1599 2697
4523 1363
8 3958
1888 1681
3006 2777
1754 610
4189 4857
2393 1593
105 872
3372 2300
4757 3547
2514 3845
4553 859
918 854
1126 2227
2142 2726
4925 1664
4852 695
621 1740
2377 4390
279 4894
762 230
513 3155
2586 618
4790 1720
2918 4546
266 432
4153 581
1291 70
2198 3180
3061 4340
1668 3748
1766 1520
4443 3150
4023 1819
3303 64
2476 4065
1058 2989
2983 3644
3607 2772
364 2288
3081 1393
2720 2233
1975 4774
2304 4936
2953 1127
4276 4622
4875 1804
1904 79
4955 1689
2662 3257
1753 137
3084 2811
3126 1066
2218 2495
3839 2582
4783 2682
3975 3265
4915 1712
3801 2981
1648 2517
4108 1686
2901 4745
3490 4805
4825 4207
1493 2486
2463 4009
3386 547
2583 1511
2376 4801
4769 1977
2382 314
4659 2119
4342 4574
3832 3143
2554 1242
659 2425
2928 3560
2169 2180
4127 2756
1387 619
1004 4613
390 4390
159 2973
1663 3299
3536 1432
275 917
1746 4935
3800 1087
4508 2631
4993 2824
4636 651
248 3326
4211 3181
505 4100
936 2655
4719 2704
2268 872
2093 3190
4608 3757
1488 3144
951 1764
4061 3460
2461 3623
309 1968
1253 302
554 1651
953 803
4977 927
4747 1245
26 1445
3900 508
4149 1930
2143 1242
120 1750
761 2371
4894 1712
4898 4718
171 2358
3340 480
88 356
1545 643
2007 2499
2209 2747
4189 1955
3992 4978
3400 3654
485 2549
1347 2628
4554 1467
141 314
4601 797
2789 261
514 3723
2619 4618
4966 3471
4974 1511
4877 2743
4010 2085
1252 3961
4040 1006
3938 3202
423 186
1513 1770
3577 1066
4000 3718
2143 3600
4516 4932
3861 792
4417 2243
409 4383
1476 1145
893 1352
4652 665
3437 903
4626 3239
2673 4326
2203 3096
4512 3717
4866 3089
4783 3865
2569 2689
3227 2847
3383 2851
3640 2800
93 4812
2182 1569
957 3838
2921 1371
4503 2120
2274 4891
1121 709
4216 3324
3805 3728
2040 3670
2579 2586
3297 147
274 1524
2995 3657
4375 2397
1456 230
2208 4401
2562 3928
3238 1245
298 3503
3365 3336
3393 4486
4045 2609
2809 2850
2099 612
2282 4678
3198 579
587 3472
2866 4345
2891 3003
1741 110
3233 4713
273 1557
3640 3512
2802 3939
2777 1166
2274 1170
1414 2081
3779 4986
693 1640
597 2976
2080 3795
4318 2667
3029 2946
2775 920
948 4516
1793 4944
4991 2066
2263 3631
1340 64
3332 4118
1993 1368
287 3407
3449 4829
4155 4143
1468 4753
2881 3548
3547 2198
1977 2339
906 4752
4022 1854
30 814
2560 783
2880 4823
4414 4221
649 2745
3338 2642
4876 4388
1811 3325
4216 965
3230 1446
717 1110
756 27
4071 3496
2366 4977
3248 1387
2593 4041
2201 152
4824 843
737 0
826 1386
3508 4164
4028 3384
4314 1601
2471 3529
2566 700
737 3284
2573 1493
4074 1643
4990 1439
1619 4000
3589 4975
3803 1552
889 4389
2395 1626
4389 3985
3775 3660
3148 2802
2043 2462
165 4514
1753 2731
976 2491
1014 3549
4747 850
191 498
2289 2573
4498 1640
2547 4063
3192 3436
3452 1350
824 3603
334 4599
2262 4245
3163 67
2469 3328
343 4986
1058 1319
2476 2836
630 2985
3686 1584
3484 1738
4157 2981
4141 2466
2807 2333
1664 1258
4446 2488
623 542
2849 2886
4787 1011
2953 2256
101 3297
2241 1160
378 479
4759 1009
3464 4207
2593 2710
1707 2513
1454 848
741 4261
3944 2406
1281 3389
656 1904
3931 3506
4790 4480
279 3506
2498 381
2565 501
2304 3706
980 2825
4715 207
2031 3071
2917 4502
583 133
349 1324
4394 4293
4493 674
3444 149
2579 2374
4418 3131
1853 4697
2399 4352
840 726
4853 3907
4433 1596
1731 4147
2566 4526
2980 1245
4027 4326
1379 4376
1413 1535
4431 905
2210 2874
1817 551
1010 1234
4445 2863
1694 2607
2977 2534
3333 3593
1441 2765
951 3172
2675 3517
3460 654
4762 2486
4981 1903
2624 1393
3439 2054
2298 648
4928 4116
1962 937
1112 2169
4564 2806
4776 3303
1103 3109
1895 3307
873 2846
2241 3548
1362 701
4203 1887
3187 4946
4553 811
1338 2991
3628 4399
4402 3556
4277 1363
255 389
4296 581
3958 4071
3885 60
2179 779
3367 3053
4389 608
2363 1513
2072 2328
4163 258
2273 3716
1832 3611
1706 460
3010 1108
4779 2286
3234 796
3438 2529
1378 2396
1600 262
3219 4542
1804 2349
3357 1955
2957 720
3469 28
3048 2631
1049 1084
1346 2882
4695 3816
4105 3467
686 4646
1516 3920
441 4954
2212 1819
3112 4575
