1500
7 43
21 40
2 39
0 28
8 36
10 40
5 18
6 44
7 15
16 21
29 44
22 40
4 25
11 9
24 30
26 38
24 46
2 29
26 27
12 25
0 29
14 15
6 26
1 17
7 34
6 12
21 48
9 34
25 45
23 16
11 48
12 34
16 2
28 41
21 2
24 7
20 30
15 45
16 8
9 17
13 40
18 45
9 14
13 28
14 44
9 32
24 47
9 45
15 32
5 23
29 37
3 12
19 0
28 29
11 38
11 15
4 45
18 39
9 39
16 19
18 48
23 44
21 27
11 8
12 48
29 36
16 22
11 40
16 40
18 3
6 41
2 22
0 30
23 36
0 19
2 8
9 37
10 49
1 1
19 41
5 21
25 46
21 28
15 40
28 10
13 15
10 22
16 14
3 41
27 36
29 9
23 23
16 33
25 34
3 26
9 48
4 36
13 47
13 21
23 39
28 46
11 23
8 48
28 31
25 37
11 27
19 49
7 9
3 43
26 41
0 45
24 34
17 18
29 28
24 36
22 1
10 5
18 22
0 1
0 34
7 16
15 20
13 42
20 37
22 28
17 14
27 35
0 8
14 37
26 23
13 48
6 29
1 13
22 29
12 40
0 3
7 23
13 17
28 48
21 1
27 42
19 28
12 44
20 21
23 37
8 29
27 43
23 28
22 34
21 20
20 40
28 4
8 22
14 46
6 40
24 24
0 35
10 44
24 19
15 41
5 34
14 30
28 30
9 38
1 5
17 36
18 10
4 48
23 45
20 5
3 49
27 31
2 5
25 23
0 21
12 0
17 13
24 1
25 38
24 49
16 6
16 44
11 28
15 44
16 38
21 21
28 6
28 18
0 26
17 0
25 42
18 4
28 25
20 11
26 42
24 16
4 44
2 37
24 23
2 19
9 49
21 8
18 25
20 28
27 21
27 30
5 25
4 4
24 35
27 37
13 5
24 4
0 17
16 42
29 39
28 2
0 38
21 45
12 46
5 19
20 31
8 37
21 0
13 8
13 24
25 28
10 2
19 32
14 41
19 26
1 16
6 18
23 10
5 45
28 11
7 47
20 3
2 38
12 36
23 9
29 7
16 37
20 42
0 11
5 4
26 5
7 21
2 23
24 3
25 5
25 1
8 15
1 45
12 9
1 42
16 43
1 3
13 34
3 16
26 46
25 30
11 26
29 3
3 33
17 45
22 8
2 7
6 19
29 12
11 5
22 41
8 4
0 32
9 22
7 40
23 34
6 28
15 30
13 46
11 10
5 2
27 22
8 5
25 13
3 29
6 25
17 7
19 23
12 8
15 47
16 13
5 46
21 24
14 20
10 30
28 5
17 25
8 19
4 26
22 7
2 25
2 47
9 43
1 39
25 39
2 9
20 23
27 26
12 5
16 18
10 27
5 47
11 41
25 11
12 43
23 25
9 10
13 44
3 18
27 25
2 20
0 2
26 25
27 17
11 19
21 38
23 43
9 26
16 23
14 11
17 35
5 31
21 47
4 11
25 16
27 44
3 45
15 19
6 4
24 29
16 15
12 31
0 40
12 42
7 32
28 15
18 38
19 5
29 11
20 22
16 0
19 22
6 49
5 13
5 1
3 31
4 10
10 41
18 26
18 30
21 4
14 22
18 8
26 33
12 19
14 24
19 12
12 4
8 38
8 35
3 42
19 35
9 27
25 20
26 15
14 4
6 45
28 47
14 38
29 27
15 34
25 44
6 7
0 13
0 10
25 32
2 12
22 47
6 32
15 46
1 38
28 38
26 36
14 32
29 19
13 11
11 49
27 4
22 46
3 36
4 33
20 0
2 18
8 11
21 44
8 33
14 0
13 27
20 43
6 30
21 26
8 44
3 11
7 5
4 18
14 10
16 31
0 49
27 24
15 14
24 6
18 6
23 47
26 3
15 1
23 0
26 31
15 31
26 47
5 9
9 23
6 48
8 17
14 21
25 9
25 41
15 37
8 46
9 46
7 7
13 23
23 17
10 9
8 10
0 42
22 49
3 2
12 47
20 9
12 1
22 43
9 4
26 28
4 23
28 35
17 1
19 11
27 0
13 45
20 20
25 36
29 46
9 44
22 35
1 22
1 27
4 19
25 47
11 36
10 48
24 33
27 47
7 10
6 23
5 48
1 7
5 43
12 41
19 36
4 17
1 21
26 49
16 46
24 10
1 28
23 29
17 49
14 42
25 33
24 2
8 20
14 49
20 49
22 16
9 8
21 29
1 47
3 9
4 1
10 38
10 8
27 2
29 8
15 18
5 15
27 27
14 31
18 20
18 7
2 13
18 24
29 20
20 41
27 6
12 20
17 20
27 16
8 18
14 40
12 24
26 40
21 35
8 24
3 1
27 48
15 0
6 34
28 14
26 4
17 44
16 41
8 12
1 25
21 11
17 38
4 32
26 18
22 10
7 31
24 15
17 11
23 26
1 19
7 30
18 47
24 27
16 16
19 39
23 19
20 10
19 37
29 18
18 17
7 49
11 7
3 19
0 4
11 13
0 31
29 49
0 23
25 3
26 1
25 10
2 4
18 44
2 49
27 32
16 48
13 12
15 24
29 4
29 5
18 15
6 3
6 31
9 41
19 21
20 26
8 14
1 41
20 46
22 22
18 35
25 14
12 29
26 11
7 8
8 31
29 29
25 7
29 1
14 6
3 25
13 2
4 43
24 12
5 5
18 16
27 46
15 23
12 23
23 31
27 18
29 2
28 16
14 23
2 40
11 25
16 20
24 20
21 43
22 38
15 15
29 13
26 20
22 25
3 0
22 45
6 38
5 12
23 15
14 7
23 18
26 0
10 35
15 42
16 10
19 19
8 28
8 42
4 46
9 7
7 39
28 1
20 44
16 27
27 23
21 49
4 29
17 3
13 39
7 29
29 42
26 43
16 28
10 33
9 28
1 12
15 17
7 19
18 46
3 37
7 3
15 25
18 0
23 38
18 31
29 0
10 18
20 45
10 13
14 26
27 3
18 43
14 13
14 29
18 2
8 8
29 34
3 21
16 11
1 49
23 22
9 9
17 29
11 24
29 14
14 17
18 23
5 20
10 25
22 36
27 38
6 1
17 6
11 47
1 31
5 17
21 34
6 37
11 44
1 26
24 43
7 13
10 0
21 42
24 38
24 32
16 35
6 15
15 16
21 30
0 46
16 24
23 5
10 45
8 34
3 38
24 0
1 33
25 15
22 3
13 14
1 6
3 4
15 9
15 49
6 27
18 11
28 37
19 6
1 4
27 12
14 33
28 40
14 36
12 45
6 20
20 36
9 47
7 35
1 43
20 32
5 24
19 9
22 44
23 2
5 0
21 14
11 3
13 33
4 22
5 40
1 29
8 16
29 24
23 40
9 6
22 2
1 48
3 13
4 41
10 4
20 13
5 41
11 37
11 45
4 20
0 44
15 33
8 39
28 20
6 36
13 16
7 20
17 15
2 34
15 4
16 47
15 26
19 25
15 10
4 47
22 9
28 42
26 2
12 11
2 33
28 45
15 21
8 7
17 46
16 5
20 19
26 34
6 9
21 15
13 31
1 8
7 1
1 40
24 39
26 37
27 13
6 46
24 41
3 40
10 10
7 0
7 33
19 18
8 40
23 27
15 39
19 17
5 38
0 33
13 25
7 6
14 16
3 10
2 17
22 39
7 44
11 39
18 19
14 12
8 43
5 8
27 19
13 38
5 33
9 42
11 31
8 27
22 5
12 12
10 34
14 1
4 49
14 47
17 27
27 34
0 6
24 48
26 45
20 39
29 15
10 1
26 10
4 28
7 22
19 14
22 31
17 8
23 48
8 30
3 30
0 37
29 21
28 21
26 44
6 16
15 3
5 27
17 5
7 14
6 24
15 48
20 17
3 27
7 26
8 13
21 25
23 7
0 39
25 12
23 20
17 33
24 37
4 30
4 31
10 29
17 2
21 17
8 45
3 47
24 40
2 11
2 44
23 30
4 16
4 42
1 11
21 18
11 21
10 47
1 32
1 15
28 17
8 32
8 49
6 47
7 17
4 38
0 0
0 20
9 20
10 15
23 6
13 30
28 33
21 22
25 19
26 35
17 12
0 27
12 33
29 43
16 39
13 36
7 45
11 17
3 28
15 43
27 15
12 18
13 20
23 11
9 36
12 3
12 15
10 26
10 31
9 12
17 9
9 15
1 14
16 34
14 28
11 18
0 47
12 27
5 6
2 15
2 43
29 30
19 24
24 13
26 7
18 36
16 12
0 43
2 32
13 1
25 17
16 32
10 39
29 16
11 16
10 37
9 33
28 32
17 24
8 21
1 30
19 10
9 21
18 5
2 31
19 4
3 24
5 10
0 14
29 23
27 20
1 36
9 13
9 31
23 8
8 25
8 41
17 39
19 15
20 48
18 27
28 23
17 48
21 46
20 6
19 38
5 7
13 6
10 28
29 41
20 4
2 48
11 29
4 35
24 9
25 43
20 12
22 32
20 1
4 37
15 38
4 13
16 36
17 43
28 28
29 45
3 34
11 2
28 8
27 28
25 29
20 33
19 20
20 24
26 48
27 10
28 13
11 4
23 41
10 6
20 2
19 8
14 14
6 10
23 13
12 13
21 12
2 0
29 25
10 43
4 5
4 3
26 32
15 11
28 49
5 39
14 35
11 35
26 19
20 16
16 3
29 48
5 42
19 46
12 32
9 29
0 5
29 17
12 37
22 30
18 12
7 28
8 26
12 17
10 42
14 48
15 12
13 4
20 47
16 30
24 8
1 2
13 37
28 43
20 38
9 2
6 8
22 14
22 15
2 35
5 14
6 6
11 32
14 5
9 0
7 37
22 6
9 3
29 22
25 25
17 30
26 9
18 14
2 14
21 5
13 0
19 3
17 19
18 9
11 42
2 46
1 20
4 24
0 41
6 43
27 8
25 24
1 35
2 30
15 22
23 49
22 33
1 44
23 33
9 35
4 2
22 42
12 39
23 24
9 5
3 8
2 2
17 40
2 10
6 5
12 2
4 9
1 23
13 41
20 15
12 22
29 33
7 27
5 30
13 3
2 28
9 30
20 29
3 48
18 41
16 45
5 44
17 42
25 26
19 2
2 24
17 34
15 36
7 48
12 6
21 36
21 7
1 34
15 29
10 7
5 3
0 22
11 0
23 46
2 1
11 43
27 45
23 42
6 35
22 48
11 14
9 11
6 14
25 22
2 26
10 3
24 26
23 14
4 21
0 16
10 23
28 22
17 28
3 22
26 30
7 42
21 23
13 7
12 49
10 14
27 11
8 9
0 18
1 18
25 18
20 27
25 21
23 4
18 42
0 48
17 41
17 32
18 33
23 3
9 25
11 11
14 43
24 22
7 18
22 24
3 35
3 39
10 17
2 42
25 49
8 2
7 11
20 25
5 32
12 21
4 15
24 11
18 18
5 29
1 0
11 34
4 14
16 17
21 10
21 6
19 43
29 40
18 21
12 28
26 13
12 35
5 28
27 33
12 10
14 25
25 4
13 10
8 23
11 46
17 47
28 7
11 12
4 12
15 35
7 36
3 17
12 7
4 27
22 23
7 2
6 17
18 37
2 27
14 19
4 40
28 39
0 25
11 6
21 16
29 47
28 9
2 41
21 37
3 23
0 7
24 31
17 4
12 26
6 33
25 6
26 6
19 31
15 5
17 37
26 8
10 19
1 37
23 32
12 38
21 31
5 49
6 42
18 28
0 12
22 17
18 13
17 10
21 39
22 21
3 20
9 24
23 35
27 40
21 19
22 19
25 8
2 3
6 0
14 9
3 5
22 27
10 24
29 31
25 40
7 24
18 34
26 39
19 45
28 19
19 13
29 38
26 16
4 8
9 1
2 6
8 1
29 6
19 33
22 37
6 2
21 33
19 47
2 21
11 33
17 17
1 10
17 21
26 26
1 9
26 29
10 36
5 36
24 44
0 15
1 46
11 30
14 18
25 27
16 9
19 44
19 27
27 9
22 4
0 9
5 22
21 13
13 22
29 10
29 26
14 39
13 13
17 16
20 7
29 32
21 32
13 35
27 7
6 21
27 39
17 26
25 0
21 41
4 34
9 40
21 3
25 2
29 35
3 3
26 12
5 26
21 9
27 1
14 45
27 41
8 47
24 25
2 45
28 12
22 11
28 36
27 14
22 26
24 5
10 16
8 0
26 24
16 7
1 24
2 16
28 27
7 12
19 29
14 34
16 25
13 26
3 44
4 39
16 1
0 36
24 21
19 1
19 48
24 45
3 6
18 32
13 9
6 13
17 23
11 22
28 24
7 38
17 22
12 16
15 6
9 19
3 15
26 21
10 32
14 2
23 21
18 40
24 14
8 6
28 44
25 48
25 31
22 0
17 31
15 7
13 43
16 26
12 14
28 26
27 49
16 49
14 27
7 41
23 1
7 4
10 46
24 42
6 11
9 16
13 19
20 18
15 27
7 25
18 1
20 35
18 29
6 22
20 34
22 20
24 18
9 18
0 24
10 12
27 29
19 30
14 8
13 32
3 32
3 46
14 3
19 40
4 0
19 16
28 3
4 6
20 8
19 34
26 14
13 49
27 5
20 14
22 13
5 35
3 14
10 21
24 28
18 49
13 29
11 20
26 22
10 20
8 3
5 11
7 46
3 7
4 7
5 16
2 36
11 1
22 12
22 18
15 13
26 17
16 29
5 37
28 34
23 12
19 7
16 4
15 28
25 35
13 18
15 2
24 17
19 42
10 11
12 30
15 8
6 39
28 0
