2000
17 27
2 1
38 15
38 9
31 12
23 24
10 17
47 32
1 15
12 0
48 16
23 21
45 1
48 10
18 31
30 34
20 37
46 27
23 4
4 7
49 32
46 18
14 17
7 39
17 13
29 2
8 3
45 11
4 19
49 27
28 39
39 5
21 39
9 36
24 19
43 12
42 34
33 0
6 20
16 29
12 39
7 30
39 24
37 33
21 6
37 5
3 8
48 7
36 26
15 3
13 28
39 12
47 14
2 2
11 20
38 39
40 25
49 17
36 23
19 14
5 31
4 13
16 23
48 25
34 38
5 15
30 28
12 17
44 38
26 22
14 37
7 20
25 19
24 38
49 22
7 27
44 27
45 0
47 6
39 9
29 1
38 11
4 31
29 9
41 7
35 17
39 19
5 13
38 16
9 29
5 26
2 27
13 5
40 36
19 29
15 29
25 35
42 11
35 5
5 22
25 34
48 13
25 11
15 2
7 38
37 3
6 1
25 27
0 31
11 13
13 37
16 11
34 33
27 38
29 23
34 4
44 14
18 12
30 29
20 26
39 31
8 36
39 13
25 20
35 3
5 8
42 16
19 25
21 10
12 9
25 21
7 7
1 7
12 11
7 17
7 9
48 19
43 36
5 32
18 0
34 17
6 9
20 17
3 34
22 24
0 13
1 34
41 1
0 3
25 6
13 9
35 10
17 24
6 5
9 23
8 20
40 16
29 22
9 0
3 32
20 8
32 18
12 27
47 33
34 22
38 1
14 30
32 8
10 18
42 10
0 23
22 8
43 19
22 5
44 8
24 36
35 38
37 11
49 23
16 17
19 20
11 23
44 21
25 28
48 35
31 18
14 10
11 19
22 37
26 18
24 39
17 21
12 35
3 23
37 39
23 17
46 24
5 2
2 25
33 26
2 17
37 25
19 35
43 16
30 10
12 33
40 35
21 8
42 22
8 14
8 8
24 32
18 29
12 18
20 19
14 5
3 19
10 31
33 25
40 8
6 22
4 29
0 33
23 7
32 0
29 38
31 13
15 14
40 14
35 16
32 10
35 21
7 10
0 14
14 6
26 20
20 35
44 26
39 26
1 5
26 33
41 35
23 30
37 7
26 28
1 6
18 10
41 30
7 3
38 21
2 29
35 4
15 7
36 5
32 16
3 10
26 39
25 8
45 37
9 26
46 29
29 25
23 1
32 13
31 1
41 39
39 20
13 13
15 22
6 12
25 10
16 9
1 25
15 33
42 38
34 29
20 23
6 37
36 12
45 32
23 36
44 23
15 35
36 14
25 17
17 37
28 37
47 25
4 10
19 6
17 2
8 5
31 33
49 16
1 38
42 9
41 6
45 18
33 13
8 16
31 7
32 36
41 32
25 32
29 3
49 0
45 7
37 36
24 35
10 7
10 13
10 10
8 1
21 34
9 33
35 22
45 24
26 19
16 0
5 38
42 31
48 3
11 2
14 4
34 26
43 11
44 10
0 35
3 9
3 13
18 34
22 12
13 2
45 27
49 13
8 39
18 39
28 20
5 6
41 27
5 16
35 18
3 21
40 7
22 14
7 25
43 39
18 13
46 14
27 18
34 7
24 34
31 15
35 13
5 27
11 39
26 1
19 0
10 2
8 38
11 9
9 18
37 35
25 15
23 13
3 0
48 26
19 34
5 34
42 14
17 22
0 17
17 38
17 1
49 21
31 6
38 24
14 18
6 14
18 9
31 10
32 24
2 0
43 21
32 11
0 30
41 13
31 22
12 15
36 31
4 23
42 17
25 24
49 24
15 23
26 9
3 1
2 21
49 15
11 35
8 24
27 1
35 34
31 5
8 15
41 17
29 35
38 18
37 4
23 23
42 28
17 4
9 21
34 18
43 29
37 17
19 15
30 19
33 28
20 25
23 27
12 26
45 20
30 31
28 3
31 23
8 7
27 21
40 39
26 24
12 7
24 16
17 30
23 14
22 19
27 30
46 4
7 36
47 16
2 5
42 1
15 24
46 34
41 37
37 38
44 19
38 27
48 21
21 17
41 20
6 28
32 6
40 2
11 7
2 38
9 16
21 23
5 4
32 1
11 0
13 26
39 16
13 17
32 29
6 4
15 37
36 33
22 28
13 21
15 34
14 2
31 9
28 31
25 18
25 0
44 28
27 39
43 32
30 37
10 15
13 10
33 15
3 5
45 30
8 9
49 33
27 37
48 18
8 23
10 21
32 3
37 1
18 16
37 13
39 28
32 25
23 10
24 10
17 19
48 20
27 2
39 2
37 21
16 25
18 15
41 33
24 28
13 34
12 32
8 22
22 25
2 18
39 7
43 25
30 36
11 17
13 25
17 25
10 5
22 39
4 0
7 11
42 29
30 33
18 24
15 38
36 21
23 12
38 17
35 12
18 18
14 38
39 33
27 22
26 8
27 14
29 10
11 26
39 27
34 11
33 33
33 24
48 17
9 24
41 10
27 27
43 28
5 3
22 13
11 32
9 11
49 20
20 30
20 21
10 37
47 10
35 37
20 27
31 31
42 18
2 7
41 23
42 25
0 8
9 15
37 24
29 19
20 32
13 33
48 36
39 14
15 0
18 4
46 7
29 37
0 7
44 1
48 6
28 14
35 0
20 6
2 19
4 8
3 35
29 28
3 26
40 18
14 0
37 9
36 10
29 12
2 30
3 28
1 10
44 39
22 0
19 31
20 36
33 29
1 29
39 8
14 13
1 21
6 0
34 39
5 36
11 24
35 31
33 8
32 39
16 7
15 32
20 4
25 39
15 26
38 2
7 14
9 31
22 17
20 10
1 23
0 38
36 29
30 39
46 35
24 24
9 22
29 20
11 36
29 5
36 3
10 14
10 39
19 12
46 17
48 32
28 35
46 19
3 33
41 11
49 34
18 22
17 9
34 15
11 38
22 30
3 18
6 36
40 0
35 19
34 3
47 21
22 6
33 30
46 38
43 14
3 17
41 12
21 30
37 30
10 33
8 13
17 35
43 2
4 16
43 6
27 29
48 11
31 17
26 38
37 28
14 26
23 16
18 35
11 1
21 29
38 5
17 17
34 5
22 16
22 32
19 26
13 39
18 14
7 2
22 21
21 14
47 29
4 11
5 7
46 1
24 21
21 0
27 25
43 35
14 27
38 26
12 28
6 24
25 36
36 11
14 22
13 35
46 33
48 38
1 37
28 34
47 7
1 1
23 38
9 3
15 13
31 28
37 2
48 4
0 16
31 38
13 20
30 18
9 35
43 20
7 21
25 9
42 21
41 4
9 14
39 35
16 20
47 30
39 37
46 6
6 23
23 29
5 23
3 39
24 3
9 30
23 2
45 8
0 34
20 38
40 11
15 10
27 19
12 13
43 34
37 37
36 28
35 14
0 0
31 2
45 25
10 24
29 6
17 14
16 27
6 6
45 23
16 28
20 28
23 32
21 20
1 19
38 36
34 30
36 20
37 8
17 33
32 28
28 8
15 30
27 17
19 22
3 4
19 28
14 25
16 2
43 38
2 8
14 24
49 38
17 28
17 29
25 25
30 12
36 17
34 21
41 8
40 29
7 37
3 6
18 17
43 26
17 0
34 16
49 29
42 6
43 15
0 27
27 24
5 18
17 8
23 9
45 14
44 12
33 17
29 4
21 26
8 11
43 23
29 29
40 19
16 3
7 23
17 6
18 7
33 31
41 36
16 31
12 1
16 21
27 28
5 25
21 28
3 2
8 29
39 29
41 28
11 4
30 0
3 37
46 21
42 12
46 30
3 20
1 4
7 4
4 38
42 27
40 32
14 23
44 5
16 10
24 2
1 3
35 1
14 36
38 19
45 22
29 21
29 8
36 37
36 19
17 16
31 34
40 17
39 6
39 38
33 27
1 39
9 25
16 30
44 16
10 16
23 19
38 0
19 16
45 6
49 6
6 8
28 28
2 6
12 34
46 16
3 14
10 34
30 15
6 32
7 35
33 2
9 17
4 6
34 32
40 30
17 32
24 4
38 38
32 22
49 26
0 39
13 3
25 26
26 29
44 37
44 22
36 9
48 1
28 33
43 8
30 7
48 27
28 17
31 39
43 24
28 10
27 16
7 0
4 28
24 9
18 37
2 37
43 22
18 20
7 32
49 19
8 2
39 39
0 25
15 20
27 32
23 39
3 31
5 30
30 23
29 34
17 7
11 22
0 20
49 5
22 34
13 38
37 32
31 20
36 18
8 28
8 10
30 21
9 1
8 6
27 6
7 22
13 36
13 11
3 3
33 14
25 29
39 11
43 31
4 30
39 36
0 18
3 22
5 19
6 19
32 19
27 9
24 11
40 31
32 2
49 37
41 25
4 4
48 0
47 38
23 6
45 21
46 20
24 14
32 5
2 22
4 15
40 33
11 30
23 25
3 27
44 25
31 27
45 9
9 28
25 12
45 33
14 19
49 7
6 38
24 23
32 31
48 30
44 15
34 34
24 22
18 30
48 31
46 15
16 39
11 16
23 8
27 26
48 29
10 38
32 33
11 37
23 5
10 0
1 27
39 18
15 15
7 31
43 5
29 18
3 15
4 5
14 1
27 31
4 35
42 33
49 10
24 27
34 31
1 2
11 10
4 21
1 35
21 9
0 28
41 26
10 36
33 11
11 8
40 34
33 5
36 27
24 33
7 29
49 11
47 36
38 12
42 3
37 26
40 38
24 5
0 21
2 35
22 15
28 25
46 25
28 2
1 9
7 24
4 2
38 30
13 19
31 11
24 26
22 31
34 2
30 16
21 38
33 10
46 32
2 36
12 24
32 15
38 4
34 37
6 39
33 34
21 7
20 0
15 5
13 31
15 1
39 17
20 11
7 1
44 0
39 1
28 30
17 11
0 2
42 13
45 12
8 34
40 24
28 29
45 26
21 12
47 5
23 31
26 36
44 30
29 24
47 3
21 22
30 6
4 34
30 24
20 3
40 6
27 10
24 1
29 17
33 23
4 27
28 12
46 8
34 9
35 23
38 28
35 15
40 21
19 5
15 31
26 37
13 32
23 28
18 28
37 29
20 13
27 34
16 16
21 19
4 22
42 20
36 8
41 34
40 4
28 18
44 7
17 36
31 16
17 31
21 37
1 20
40 23
15 6
38 34
11 14
47 2
13 22
12 8
48 23
28 11
24 20
20 22
37 14
38 6
31 26
20 18
7 5
44 24
9 10
33 16
19 17
46 2
42 19
20 1
45 35
7 19
38 7
45 19
6 2
11 6
49 18
19 39
19 30
26 34
49 4
37 22
0 12
35 27
2 12
48 12
37 15
48 28
18 1
16 26
36 2
42 39
15 36
2 9
27 20
1 12
19 27
27 33
15 25
30 8
16 14
2 10
22 35
47 4
21 18
20 29
13 29
17 5
8 35
15 18
43 33
30 2
41 2
12 25
48 34
38 14
44 11
44 18
30 11
35 2
41 38
22 4
47 13
41 14
14 33
7 18
49 39
39 3
3 38
9 19
47 20
26 7
5 20
37 23
29 31
43 27
12 4
14 14
18 23
19 1
34 19
30 38
2 26
8 25
9 34
39 25
33 37
32 23
36 13
17 18
23 33
8 0
28 36
43 1
28 24
11 31
48 5
26 0
35 9
17 3
27 7
10 27
39 4
2 28
46 5
19 11
4 12
42 23
39 0
7 33
16 1
6 34
43 4
6 25
12 12
33 6
41 3
15 39
21 24
28 23
12 19
38 33
0 19
31 24
0 32
21 32
42 8
37 16
13 27
48 2
7 16
10 11
46 9
30 1
32 21
46 10
12 10
31 36
9 20
33 38
23 35
49 1
49 3
49 8
0 11
29 26
19 3
31 3
1 8
42 2
47 31
6 27
10 9
12 21
16 24
29 7
43 13
12 31
47 37
2 34
4 9
13 30
23 20
22 23
18 8
39 10
21 2
35 35
20 5
0 15
2 31
18 11
45 10
33 3
11 18
31 32
32 7
25 1
26 14
14 34
49 30
24 17
1 16
35 30
25 16
0 6
25 3
36 36
10 25
28 16
9 8
34 6
33 7
44 9
30 27
28 38
38 22
44 4
10 26
48 33
2 4
24 29
11 5
1 24
47 17
44 3
34 13
44 6
31 14
40 20
21 4
26 11
42 24
36 7
28 5
12 23
30 32
48 15
5 12
25 4
20 24
11 27
22 38
40 10
32 34
34 24
9 38
33 22
13 14
12 16
22 20
0 24
18 25
14 20
11 15
26 2
40 1
6 35
26 16
25 33
41 16
48 14
8 12
32 14
28 13
36 39
23 37
13 24
36 24
28 22
12 14
4 20
43 17
11 3
46 28
37 31
21 25
8 32
20 9
34 36
37 19
41 22
3 7
10 8
25 5
26 6
0 29
20 2
22 29
30 20
30 25
2 16
2 20
25 7
31 0
34 35
24 37
20 31
11 29
48 24
9 5
42 32
46 37
13 0
25 2
1 11
9 2
43 0
42 5
1 28
14 8
41 31
0 37
30 26
26 32
8 26
21 13
34 12
47 26
18 26
28 26
18 36
3 30
17 12
38 31
32 26
13 4
32 9
2 3
47 34
15 16
46 13
10 1
27 5
19 8
32 32
5 28
27 35
41 9
15 8
32 38
30 14
21 3
32 27
44 34
26 26
25 38
19 23
27 13
12 3
14 11
18 32
30 3
34 0
45 3
12 5
41 24
25 14
9 6
23 26
44 31
48 39
18 3
13 16
36 6
32 35
17 34
28 6
45 29
12 22
6 15
20 33
6 31
28 15
45 34
28 32
4 36
0 5
15 27
43 37
14 7
32 37
37 10
7 28
29 33
20 12
32 17
47 15
21 5
33 9
42 0
38 23
11 25
1 36
46 3
1 22
10 20
36 38
47 9
35 29
24 0
44 2
40 5
35 28
29 16
22 7
31 29
46 23
26 15
19 18
26 3
28 19
6 7
34 20
12 6
47 18
49 9
27 4
35 20
38 37
21 27
12 29
27 3
35 36
21 33
16 19
28 21
1 31
35 32
47 35
8 17
21 16
16 18
18 38
41 18
42 7
6 18
24 18
7 15
47 1
6 33
5 5
24 31
44 29
16 34
19 36
28 4
36 0
1 33
11 28
29 32
19 10
6 11
17 20
26 27
39 30
5 11
38 35
30 35
13 12
17 10
39 34
45 28
44 13
21 36
5 33
8 21
29 14
16 33
5 21
9 12
35 24
27 23
43 3
22 9
38 3
19 19
43 9
49 12
12 38
42 26
20 20
16 36
23 15
9 37
25 23
17 26
30 30
6 21
48 9
37 34
17 15
33 39
18 6
16 15
14 28
47 39
15 19
10 28
33 19
39 21
41 29
41 21
8 19
20 7
16 12
16 32
39 22
4 33
43 10
13 18
14 16
33 36
49 25
32 20
5 37
4 32
9 39
42 4
27 36
49 14
43 30
12 30
28 1
5 1
27 15
4 14
31 4
5 35
42 15
45 38
18 2
14 21
10 29
11 34
33 18
7 8
14 39
26 10
0 9
6 30
26 4
35 11
24 25
30 5
8 30
42 37
31 37
7 13
17 39
4 37
0 1
31 30
18 27
40 3
26 5
38 32
40 13
32 30
40 37
27 11
34 1
36 22
49 28
16 5
46 39
7 12
14 31
2 13
39 15
31 25
30 13
41 0
36 16
21 35
33 1
26 13
40 12
2 33
47 0
4 25
35 26
45 4
14 9
1 32
45 15
26 35
9 27
34 28
19 37
28 9
11 21
1 13
40 22
0 10
1 14
13 8
45 39
6 29
14 15
22 22
4 18
34 25
5 9
22 18
22 26
8 27
7 26
19 21
47 19
23 22
47 27
34 8
9 9
43 18
25 37
20 16
30 17
49 31
38 29
46 12
16 38
6 10
15 21
3 16
21 21
30 4
23 11
12 20
19 4
3 36
29 39
14 35
21 1
37 20
46 22
20 34
25 22
35 8
30 9
46 26
9 4
26 17
24 15
31 19
8 33
8 31
32 12
22 11
15 4
38 13
1 26
36 1
9 13
26 25
10 6
41 5
46 11
10 12
24 30
15 11
14 32
38 10
15 28
26 30
19 2
39 32
19 32
40 27
1 0
2 14
34 27
15 12
43 7
47 8
0 22
35 33
3 12
29 13
38 20
37 0
36 30
9 32
5 17
15 17
5 29
3 24
41 19
6 13
3 11
26 12
4 24
45 16
21 15
12 37
41 15
38 8
6 17
45 13
45 17
13 1
20 14
32 4
20 39
30 22
6 3
21 11
19 7
44 36
1 30
22 10
11 11
42 30
22 33
37 18
40 28
22 36
13 23
25 13
10 3
47 22
44 20
23 3
13 6
11 12
36 32
33 35
40 9
40 26
34 23
25 30
19 9
26 21
11 33
16 6
33 21
45 36
18 33
12 36
13 7
16 8
16 35
6 16
29 0
36 15
8 4
29 11
28 0
27 0
2 15
46 31
5 0
8 37
31 8
3 25
44 17
36 4
34 10
28 27
37 12
10 4
5 14
2 24
10 32
47 23
45 31
46 36
38 25
48 22
23 34
6 26
27 12
1 17
2 39
44 33
22 2
45 5
42 35
44 32
35 39
31 35
49 36
35 7
16 37
24 13
47 28
45 2
10 30
14 12
34 14
15 9
28 7
27 8
46 0
4 26
36 35
4 3
5 10
13 15
10 19
21 31
3 29
24 12
33 32
37 6
48 37
4 1
33 12
2 32
10 35
40 15
14 3
10 22
24 8
35 6
5 39
22 3
44 35
20 15
1 18
35 25
4 17
7 6
33 20
39 23
26 31
8 18
29 27
7 34
5 24
18 5
42 36
19 24
29 30
0 36
37 27
29 15
22 1
49 35
23 0
0 4
0 26
10 23
19 13
31 21
12 2
24 6
22 27
16 22
23 18
2 11
18 21
49 2
4 39
19 38
25 31
18 19
16 4
36 25
26 23
9 7
47 11
14 29
33 4
47 24
19 33
16 13
29 36
2 23
24 7
17 23
48 8
47 12
36 34
