2500
8329 9001
6576 6849
6408 6693
3032 2958
5766 2434
439 1057
2442 8338
6985 9396
9845 8102
6637 5526
5883 8967
9166 1426
3866 9238
750 8438
6189 998
1141 5596
10000 7717
2444 7486
5488 6556
443 2332
8990 1961
4468 2511
298 1452
1906 1222
9554 8543
6748 6516
7510 5914
7942 2454
6230 9772
891 3497
769 2032
9094 1847
827 1537
9333 6315
9172 9776
8648 8162
1737 3115
672 3114
5647 3657
4336 6279
3279 1084
2794 788
8077 736
4321 5385
1586 5212
8883 2355
8324 7976
4203 9151
591 3535
5466 9764
4390 5192
9004 7206
9386 754
319 5032
4411 4656
1311 7690
6819 4105
9557 5974
5920 3877
1358 8585
168 240
940 8492
9295 6222
8721 9887
835 5265
728 5225
456 9732
2430 9843
1564 3829
5953 5975
8485 7264
4744 6382
2448 4300
2355 9447
9257 3713
8032 9425
5033 50
8995 4327
6272 8794
5292 7107
4059 7099
3411 5594
7909 6920
5436 9473
748 2468
6527 311
810 1270
6693 3258
6649 126
3784 5905
3840 1815
5329 9952
1865 5402
5357 9216
4196 1728
7401 9334
8827 1890
4927 7815
8811 1442
7287 637
3910 4892
949 4720
6162 8721
9058 2811
8848 2841
9795 3766
5735 6203
3717 8679
1604 152
7894 6879
1880 6373
6212 1786
8264 1139
9601 8153
3660 7966
8790 7570
2858 817
3368 98
9539 2425
3988 8386
6345 3783
3230 2079
9986 6947
757 2668
8178 9730
9548 1137
6103 5759
2923 4366
7977 3602
2518 1636
1567 2386
284 5504
3204 3653
6682 2742
7157 669
2206 3502
4452 5436
5581 5516
3461 7418
8185 2717
7147 7732
3854 3249
4569 6777
8694 3625
1457 1211
6340 4104
4677 6625
9608 7881
1356 7368
1701 9592
8038 4986
3093 3568
1500 9754
163 6040
7171 8348
8757 5396
7158 2611
8646 1726
466 7339
6430 1924
9630 2770
6028 4306
473 6714
3265 2908
4082 4966
2499 3198
1030 6672
6766 2530
6425 8008
8570 4674
6355 7326
69 4591
9937 9794
7397 1482
8212 3826
3406 7841
6596 9434
3225 8148
7226 6490
1055 1307
2534 4634
4505 3564
1305 2350
7173 8809
357 5742
3482 7792
4146 4630
2382 5162
4424 9779
6644 2635
3605 49
1554 1279
561 5858
506 7787
2347 1561
173 5960
7274 4678
9524 8579
8107 7775
7387 9544
3516 1947
7335 7662
7657 795
2823 3159
574 9467
6873 5258
594 8427
7616 1155
4284 8122
21 7710
762 194
3669 8036
5951 4271
7694 4058
2045 6159
3601 6640
8107 2014
5380 6842
2809 8204
0 3383
8749 7952
9720 9344
7457 7336
1577 2819
6536 1598
528 7298
1792 5276
6413 7744
625 4106
2880 3749
264 6481
388 9450
9574 5768
6291 2382
5050 7370
6845 3799
6400 6564
4221 3856
4978 5798
6675 1514
8476 8282
9891 1346
3557 6303
168 5261
1487 3048
9010 1752
607 476
2280 180
6245 9651
2563 2373
8099 9408
6172 4499
7050 1471
8355 2028
8349 5030
4621 6824
3311 4511
8170 7948
1893 8339
3208 3380
2465 3297
6211 3073
3773 8492
3253 1096
8142 5816
3470 6240
6302 720
1817 3352
2192 172
6459 540
6281 1079
8443 670
5590 7691
9697 7483
7108 3984
1942 9574
7281 8153
2646 1053
6644 6978
3229 5864
3873 6699
3183 174
7419 5000
4605 689
6251 1063
1229 2531
2142 750
4281 7733
8442 3977
6294 5549
7961 8236
6201 6320
7468 9926
8453 5190
6904 1681
1054 776
8380 5316
2029 6877
315 6635
7567 7646
8777 9875
176 919
625 5536
9731 9067
9514 7103
5694 8553
6418 2974
4873 3885
2899 4404
9075 881
6085 1207
2736 5543
6523 4766
2419 7918
2479 1064
5563 2334
939 6818
3253 2643
3433 4062
1709 2946
1165 8482
2577 7583
1455 8529
1467 5434
2932 1620
7394 95
2828 130
5638 429
5975 9137
8347 9533
1279 4988
1866 2218
2885 6199
5940 6318
260 7649
342 2504
7210 2919
86 9744
2527 2632
6256 5459
4253 3650
6634 8160
3780 2271
8589 833
2486 8015
365 3766
3002 3310
7063 5887
9509 3003
2204 848
1730 3625
3352 18
6545 4518
841 9072
7150 7097
5609 2481
746 2242
1719 5605
5593 1387
7517 9158
9402 7882
4002 3482
1192 2144
448 1779
6226 3731
2627 9035
7357 5980
9054 3901
497 973
4051 8726
8070 738
1207 9896
4060 4005
6579 9653
5392 4096
8810 4793
3056 3891
9355 4248
6035 9803
6028 2260
3533 8655
1294 889
5713 1426
5869 6210
2399 998
4936 1548
1737 7222
1443 5797
1226 9101
6528 7698
3196 6416
2490 6253
306 1844
1579 6341
2725 7607
8601 6259
7341 974
7148 3053
2400 4096
342 4800
5094 6357
6348 7910
3578 8870
3706 5883
7970 233
3580 1166
6650 7150
8498 6956
72 76
4376 2798
8763 2976
9057 7182
5029 7283
234 7430
2457 1655
3308 7552
8012 734
5461 1589
682 246
8552 8652
1558 2131
896 9287
359 472
7322 432
549 1697
3230 390
5752 3365
7572 781
647 7806
9290 3105
540 3676
1735 8552
4410 8275
1220 5092
9600 9772
4822 1158
2981 6798
444 3341
7270 7766
3773 8898
9463 7003
9288 6294
1446 6859
7075 2093
5744 6364
6277 6284
1118 9091
4835 5528
8445 7134
1698 8044
6905 7599
9202 9887
4396 725
3227 2745
8491 8079
1642 9033
6160 2009
5326 7606
8868 3479
777 5690
921 8134
1973 2039
8303 7888
8646 6747
5021 343
4791 3005
7942 5071
3970 3417
5796 7197
7241 5366
6354 9962
5477 2513
1970 802
1197 1917
5360 1974
7607 6281
107 659
8320 8411
9626 6965
6236 4646
8387 1026
8730 7407
7177 2699
1902 4051
974 9143
9417 7328
9105 4893
919 2153
6774 2116
5149 2133
4091 2756
8414 5277
4494 7812
4766 4119
5855 1002
9844 4241
3107 8574
2727 1362
1272 4629
5414 3326
4851 4830
653 5034
802 2652
7187 7576
4768 2336
788 9938
6171 9202
6294 664
8093 1059
4783 3947
3140 5705
9268 7327
4278 1994
9768 6630
6623 5181
9956 1473
1090 1687
6507 1892
4339 4773
546 186
8188 1334
123 4358
1615 6417
6101 9708
8556 1962
3654 2774
7667 4000
1179 1945
5994 947
9654 3696
7207 687
6248 8297
2374 3834
1267 7793
8607 1814
7979 6794
4227 9181
2230 5842
6677 8331
6628 5232
292 1361
9085 7959
5361 1343
982 1355
2290 1714
5051 9497
2401 2377
8873 4776
6211 139
3647 4817
3032 1625
2689 8339
805 5998
5259 7482
4328 1887
3792 5699
3248 3956
4737 9688
5299 6798
1042 8668
8513 7172
9243 1992
9550 8115
7847 6839
9334 1493
1656 3444
3118 5424
1782 5003
1422 7042
2484 6829
7 7356
2528 4334
1311 8344
4021 7689
5141 6143
7435 3653
4393 6677
5646 5021
5871 4571
1860 6283
6065 4595
9727 261
18 2588
5264 1440
708 8828
8270 715
6183 1876
5049 8573
219 9070
7340 5360
6291 4774
92 684
2529 6817
5705 8400
1387 8644
4682 8531
3238 5488
8793 3257
8076 4056
5776 8784
2883 5124
9499 144
7000 5626
9796 8298
5774 7135
4737 2065
2987 4829
3828 5517
2724 611
4995 5190
9256 756
3721 2493
6244 2513
6829 4319
6569 2605
4181 531
7729 4758
675 5808
1462 1550
4105 7236
8685 8842
379 2751
4749 4207
8268 7473
5898 3262
3742 5153
4018 7463
8725 1340
9976 5554
6738 7623
8159 918
8154 6966
6755 9909
2773 8217
1458 7958
5453 142
6799 6911
3972 2627
1118 2239
1178 8095
6581 4920
3247 1677
2382 1971
3018 3436
7525 9756
1059 6762
1753 9213
3728 8508
9121 7580
6725 1657
5537 3256
2879 3415
166 6851
6042 2363
9091 7220
457 6750
2140 3704
8427 5601
6755 1444
9038 5358
2279 96
2120 5111
387 5848
3618 587
4506 1421
2244 43
4677 5123
3458 5923
1974 578
8286 2143
8877 8744
8893 1016
3526 8398
7697 1359
921 6734
6718 3200
6830 8838
8311 7217
5764 3007
8883 269
4429 1127
1391 184
7329 5928
6107 381
6506 4393
2524 5383
4215 2495
7478 8820
893 5174
179 1814
2986 6897
6093 894
6813 5482
8112 3655
9568 8073
3924 3996
9200 6395
4181 6529
2322 1366
7989 9908
5759 513
6369 1052
4087 4925
9873 6059
99 51
8952 4164
8027 6123
5059 5918
1604 4249
9573 1172
2321 3496
6247 1521
969 1506
9129 3292
2873 7117
4278 9711
8709 646
1842 3875
5571 1714
9934 6749
2844 8886
913 1949
5008 5972
7867 7692
220 7439
8864 3620
2013 6189
6220 2983
7696 5348
7354 1647
3544 1631
2436 3331
2277 4278
7206 8927
5992 7140
5676 9915
7104 7668
1863 2111
3639 9730
9803 4938
8247 9745
8558 260
7013 4778
3243 5787
1204 1675
7434 5827
3306 948
237 6662
5227 7443
5588 2297
5661 2342
2212 2764
9 5154
5955 4727
5963 6836
9665 4209
6581 9302
4469 3593
5158 8791
458 7441
1544 7892
4347 4850
8840 4584
2590 5145
2026 8179
7443 7688
520 733
1530 530
5887 7485
6336 1849
4321 6001
7138 1980
6381 1606
6652 2617
1476 7110
57 3020
6080 4404
8950 4919
8988 1539
1143 2093
796 8586
859 2396
9319 2389
4005 5205
9875 340
8134 5274
7420 5271
7254 3800
7956 3905
6417 510
1014 7554
4610 7094
1957 3559
3091 2024
6177 5313
5196 6974
3898 6055
448 4295
8444 4453
579 9397
4793 8713
4670 2213
5062 3002
7092 3017
6907 4588
3528 9000
2141 8138
7172 5177
2775 1342
7201 30
6655 2396
8083 1632
9530 8531
5927 7974
2983 6506
8449 8856
6297 4198
2147 1358
7200 9239
5455 5186
3826 61
5264 7046
9278 3515
2223 2052
5936 9424
2082 3669
2899 165
5301 2428
9775 2307
1480 2758
9892 1008
2692 7268
5206 4839
8626 3484
5156 5159
9749 61
5220 6092
7107 4497
9607 9330
7628 5542
9833 789
9211 2731
2033 5591
6238 1807
7898 8798
5644 8868
884 8336
6135 7169
4253 5840
1731 9410
998 1480
9471 7298
7572 6577
1794 8257
6986 501
3798 6818
2369 4087
627 4402
9678 7944
7288 8654
7820 2932
7522 8704
2346 3656
6951 6600
9496 8683
7088 494
162 7637
7792 8813
4213 664
7069 2277
2244 1945
9095 4613
6032 9722
9015 6789
7666 6303
5442 5485
313 4042
5268 2659
7699 2218
337 8273
900 7425
8767 2141
5061 7637
2032 353
9381 179
2630 2703
2124 1725
7317 9236
2525 7410
7103 1269
4791 3623
6755 5104
7666 3101
8843 5364
5319 9180
3636 7299
6605 3482
518 1665
2197 2551
2018 2656
2730 5728
5360 5934
7453 3755
6248 1056
2243 3350
2326 7035
6973 159
2138 5717
3260 980
2159 9658
1239 5796
8035 7844
356 8554
587 3632
1104 3685
7368 4913
9413 3806
1925 7944
7561 8173
9000 9804
2601 1325
7917 653
1484 1134
6370 5823
3193 8530
5481 4432
5404 3515
2275 6839
3147 2863
470 5330
7627 8917
1322 7039
2722 3247
4982 1361
2499 5060
2244 5100
7465 160
5753 27
1294 3202
5851 4488
1731 2410
8920 8214
7004 2274
5052 151
6216 6601
5481 3842
5518 7882
1959 9319
1129 6941
680 3628
3079 4003
9807 543
4163 6639
571 6537
9841 7501
2103 2650
9911 2101
863 6914
4375 6994
8144 1669
4673 4704
5511 1269
2585 7470
588 4793
5489 2347
8421 9648
6350 9307
190 1591
5945 1840
8128 5785
9341 230
9514 329
2332 1455
7244 6707
8449 6466
9456 4200
1169 6045
5470 4834
3515 6058
9627 82
9484 8048
808 5833
7354 999
7424 4377
3918 5552
161 4338
5782 753
4667 9193
2208 2989
6979 1735
9456 6434
5935 1703
2478 1404
6537 7072
8541 7243
8234 8024
6369 9042
3856 3722
1119 2359
9178 5038
7911 417
454 4771
1170 5121
3964 3378
9190 2021
5113 9724
8455 1047
1426 932
3531 9043
9084 2071
6285 7317
95 2653
6358 5030
7454 7478
7389 6631
3594 6378
7048 4048
1149 9297
9169 6192
2674 9437
8213 8866
9160 7746
991 1665
9757 4522
707 8840
7673 8071
6156 7768
1802 3593
3876 334
1070 1265
8044 5743
7643 6170
9791 9871
5466 37
7141 8140
9475 5353
8084 8634
4177 9075
1377 3934
4676 3163
2773 2348
1233 8
1194 4114
3601 5070
4448 5750
7414 3570
1492 5057
9740 2361
6006 5205
2398 3147
4423 2951
9579 2506
2664 3756
2660 4041
8769 7336
7205 1541
9684 9517
2628 1956
3631 7308
7026 9158
3057 5519
3807 5628
575 3546
7989 7660
9831 1466
806 4253
4417 1464
7839 8160
5220 498
2201 3988
8913 9406
6608 9675
0 9237
1630 3631
7623 9735
3868 680
5253 7675
7387 6907
2299 6455
4567 2129
7921 6452
6383 3416
7916 5300
1576 4214
6877 4856
9281 5789
5340 5889
6542 5340
6204 8172
8972 3826
8985 3918
5585 5317
2671 4051
2223 4970
505 7869
7100 9505
5400 4561
3999 3315
9861 6654
8609 7816
1509 7889
4683 6849
4856 1224
2189 2138
9396 2239
7044 8380
7236 2628
3696 9907
6679 6999
4876 8263
5946 1975
7767 1345
7615 1766
5740 8554
8420 4348
6369 1008
2236 1051
7857 8172
2275 1124
309 2749
3363 7353
2208 598
1060 6983
1583 8818
3981 6460
7081 1006
9514 5926
2351 7129
7692 8091
5682 7191
2438 3130
9278 5754
4181 7134
5004 7536
9338 5313
284 3779
3745 2492
5457 4805
9476 7040
3622 4535
3499 1781
5541 4092
7708 8972
1220 6478
7062 7981
4747 579
1110 4024
7412 6371
2237 2415
3906 2653
8807 4190
6432 2551
7762 1888
8435 7237
7 3136
2850 4585
4917 8392
8677 3703
8442 9897
1260 5503
8957 6007
7161 66
1110 4572
6437 4426
8066 1421
7079 7952
5612 3510
502 3373
6478 16
1688 6485
3152 4538
1069 9148
4008 825
2851 3528
1800 5190
9032 756
2275 7271
1902 3385
2922 9418
8890 987
839 5968
8939 6451
557 520
902 8114
536 3669
5677 3688
9286 7825
3914 4373
8650 6765
7901 450
3033 8011
2285 5309
5282 4187
9773 8204
3605 8663
269 4444
4630 9209
1973 6266
807 3954
4379 1343
7623 55
6110 6908
7881 23
2359 6530
7868 260
8059 900
8271 344
6209 3552
4531 5982
1755 8136
5723 3104
3658 352
2312 6710
7698 4198
663 2076
5541 9365
2132 1650
7352 1091
2752 9711
8700 619
9971 6759
2599 9321
7103 8808
2872 2712
5868 5707
1927 1590
8811 5585
3022 2201
2295 719
6399 4037
3874 3018
3402 7085
5747 753
8176 8499
463 6876
197 1513
3634 2796
833 1815
2682 4784
4527 9630
490 6454
2298 379
3118 5320
3659 6492
7118 57
528 2071
3075 5009
9156 9901
6841 7332
8400 7305
5286 8597
9897 9999
1392 729
1813 5153
5513 7419
4782 7083
3873 7081
8541 8070
3479 2200
4561 1676
3336 6168
3747 7491
1177 2902
7391 8018
1312 5790
6401 6598
5465 6297
6596 7936
8105 9488
3089 4697
6907 8950
2858 1858
6030 1398
9928 9510
4677 4488
1185 8014
655 4932
5504 2911
8913 3973
929 225
842 7330
6823 6307
4706 4498
5322 2810
3985 8411
7507 1970
7360 1443
3828 4469
2842 4834
3978 7519
400 6242
6611 2135
2252 3193
5046 1164
7167 5975
2468 8009
4384 9292
5394 168
4868 715
2978 9932
9126 1564
1902 7565
3007 6809
2033 6928
1643 7090
5526 3122
4410 2136
5257 6662
5330 303
8905 3575
7357 1373
1583 2819
1743 6977
2987 6611
7693 5966
6542 7897
8609 9523
6540 2694
6332 8573
9623 9054
6741 6227
3254 1150
8363 8512
8891 4771
8815 8875
9425 7250
1326 2086
69 3069
9064 3056
758 7835
100 7300
6810 9788
7902 3350
2482 4233
3001 3183
4365 821
9410 7619
1971 7772
7209 1941
3622 7102
1894 3046
4352 3220
5133 4421
6289 5275
8556 7047
4188 8657
5425 2076
8444 3326
6505 2004
8638 9507
5187 4081
327 4596
1700 3377
3447 9988
6397 8148
7090 8291
2272 1441
1510 8484
6941 8878
4837 5496
7003 9025
5231 2428
2180 4754
6833 8685
6758 6550
8191 3024
630 9597
8699 3409
4053 3224
3397 1528
1371 486
898 4723
1927 2408
3206 9947
2365 8044
5442 9368
8147 1752
2874 326
6506 786
9012 4342
7336 8281
7366 7966
8957 7144
1375 4088
367 5851
5616 2818
6337 6514
7541 9343
1 746
9289 3445
9869 4730
3891 8016
7561 6766
8342 4066
8631 8432
9488 5966
7792 7932
5010 6748
5075 7464
835 5443
3314 7530
8261 9651
5123 5801
71 5124
7626 9360
8569 7495
5169 2459
5510 2729
303 4930
6796 12
3362 7362
7057 1153
5293 2067
8980 368
609 9815
5811 3924
8423 5150
4653 3545
950 4725
9748 8576
5163 9395
6070 331
2933 2658
3061 3236
7589 935
4328 950
8297 1384
3182 3589
4530 2161
3957 5140
3054 846
142 1476
5996 5874
6101 8025
1677 5848
6601 6841
5243 3749
7172 8176
7487 1311
2490 5075
2246 6818
7104 1621
9282 285
5211 3811
3525 246
8951 6579
2172 171
9134 8168
6046 5234
6193 7723
1082 3872
5642 7404
8700 2814
5579 6186
5204 8069
1260 8530
5966 9443
150 5247
806 6440
9058 4331
7766 9088
1988 9938
9259 2201
9184 6383
7435 5376
4106 9596
326 9748
6999 105
3640 3656
6291 9924
2804 8631
8453 9849
9152 9682
5095 9959
6122 5231
4289 4966
5397 7357
4903 5735
9558 4086
2117 8071
541 7302
7667 1946
8129 5744
2051 2847
479 9422
2770 4362
9131 2301
4210 8282
1983 383
8240 9184
6693 3608
5228 3169
964 1209
8904 1600
5295 2099
9671 6915
480 8416
9941 9688
5239 1991
3613 5718
2491 7463
1158 1621
9764 5368
9904 2825
6830 8143
3087 3522
1750 8315
6691 3793
9524 6673
5393 5898
9852 6143
3891 331
4558 3831
1097 9797
6902 4710
6593 471
2172 8830
2093 3015
4197 1996
5840 2105
1217 6
5628 4047
8321 3397
7840 8924
70 4312
5900 9922
454 9791
1331 6091
4701 2428
6967 2681
8217 4638
3152 389
3468 5245
3404 8744
8320 322
849 616
328 6477
4663 9729
952 3581
9731 1022
8972 5630
2022 504
6499 4432
6596 2278
7939 3562
6038 7235
9279 9191
7624 2746
5514 2106
2569 4913
3507 3418
5529 4915
973 191
4643 1925
4851 5452
4027 3823
1081 7128
4327 8659
2639 922
2016 1656
5563 8054
8891 5921
7244 6514
8667 3837
9699 2314
8750 3206
5732 5357
8121 6705
6627 3842
9710 1477
9294 4815
5300 1453
1942 9628
1190 4581
1628 3206
6238 8271
2339 6207
4191 661
2721 3936
4498 3498
6251 4326
7783 3061
9683 6982
9767 6309
823 554
7787 1195
5369 4165
3727 7311
4871 5997
2971 6500
281 287
5849 2620
6494 1118
3282 293
5054 8859
4871 2383
3185 2653
5445 3946
9636 6290
1334 1537
6844 199
3812 2212
4364 8618
601 9236
4614 4651
6814 5975
6017 3741
8595 3590
4859 2955
4962 991
1814 9833
3375 4999
3565 8820
23 4279
5109 1357
5816 3031
1556 706
5243 7000
9325 6923
7314 5017
2653 4127
991 9749
8947 9587
3338 3805
3620 9380
4796 5434
290 8171
1511 3855
8069 1535
8134 3177
3971 5029
6208 6607
5735 2529
3606 6138
531 919
1155 3184
6125 2146
4011 5071
2811 7350
8876 6432
7808 3671
2944 8098
2921 4456
1953 989
7070 1165
5246 1040
7273 2532
7647 3008
6141 2331
9146 7751
3250 1379
2013 9375
3526 6024
4445 7416
3373 4399
4926 1180
9150 7871
357 2070
2326 2310
4138 474
4554 462
2593 1827
4074 1319
5914 214
3650 5059
7965 6901
6439 9978
7354 1043
6001 2878
9538 453
7277 4464
2712 6426
2334 3069
9575 5739
6458 4792
6213 1012
6333 9885
3918 406
1203 9832
620 4854
5969 9664
2833 3486
719 186
5608 6721
3064 5146
8253 341
9610 2043
7846 1943
5113 8500
8761 2649
4370 6052
4740 702
5936 8658
1109 7140
9568 1729
1993 5537
2472 4826
9023 3191
6091 4631
990 9156
9777 321
575 464
2365 9500
3486 7478
7999 2246
126 2368
8298 4867
3071 5312
4603 5259
2451 4171
8067 5523
786 538
1427 9809
4809 7519
5518 5799
6674 6373
6121 8328
6837 8486
7827 1401
7042 6905
3647 8247
351 3023
4192 4501
8336 8796
9760 1865
4045 7827
8468 4831
9444 9895
5718 4252
7413 1236
51 5165
8688 7251
4571 6604
5736 2398
8005 2777
381 2731
2102 732
5754 6295
6313 5168
5090 6072
8113 213
4977 6580
5044 4421
6474 761
8673 4966
3076 9803
130 1764
7053 4702
9447 3867
8179 7451
7723 9639
1260 9826
370 7015
6120 7762
3261 2288
3834 2452
2501 9890
9032 7545
4310 6585
9385 4062
1550 2461
3864 2759
5304 1996
7461 4750
5863 6718
3279 3586
6356 4540
3411 7806
2633 609
5567 5894
2897 479
9426 5398
369 8457
4021 5758
5041 3405
898 6591
6945 5842
9351 2248
7838 7890
6998 4779
5687 277
8365 2042
4817 2854
926 8529
3463 6494
5501 7439
6973 4926
2836 8421
3383 7936
5258 8424
2420 6156
6094 9365
1997 6523
1613 913
5491 9690
5693 1177
9967 5136
3220 5862
9070 4146
4390 2532
1718 9892
1050 9771
4817 4965
9270 9279
2901 4527
8782 5321
683 5954
4685 3759
2476 6298
5752 7967
7067 1444
9145 7033
7659 3443
3974 6728
8668 9443
339 386
412 1389
1235 6309
6354 504
6666 9255
5032 5447
5654 6794
1400 339
1631 3876
7716 7383
2922 4782
9906 3145
2894 7565
6588 7947
4292 6334
8468 5710
7799 9960
7099 9034
6268 3453
9539 2933
3786 5649
9460 519
3521 859
1937 5152
5815 9653
3614 9816
5514 3519
2960 9487
2162 626
8512 6455
6960 8058
2164 4759
8017 342
4871 5363
4874 4409
8297 9739
1136 8835
257 5736
9694 2194
1967 6587
2926 5581
6402 9519
178 440
83 2341
1066 9674
9875 9106
7731 3117
3864 5748
3459 8735
1110 9412
4223 485
9151 6438
9320 9408
2174 92
2681 5220
6679 5607
800 4160
6204 2057
5679 6287
4398 6746
5960 5351
6930 3690
9548 793
516 4085
606 1627
3497 5908
2112 2647
3425 2511
3133 6678
2603 5814
1897 360
2499 2697
5599 8703
5833 1278
4989 1310
9103 2027
6661 6032
5718 6208
7904 6234
293 9589
8940 4869
5497 2131
8595 8922
4642 1727
5599 8324
8621 8575
8684 2198
2350 5362
901 8183
6640 6969
9493 6821
8997 7233
2852 5793
4519 1834
3105 5891
1422 2045
759 7998
5255 9354
6919 9897
2160 3596
9299 780
2170 9061
2978 4520
4422 4958
3782 2140
1927 3274
8961 2002
1585 2891
8874 6105
5804 1978
1995 7227
5102 2755
5224 356
3187 3222
1331 5347
7897 629
7206 1146
9691 1263
6745 5191
6221 526
7332 9227
4880 6292
2307 6465
262 1180
2569 6066
4238 5644
4371 418
8399 9596
1854 2664
3896 3185
8012 1792
4894 6296
4017 5663
7559 762
853 4859
1288 8185
4085 6168
5556 7472
2633 5818
8652 6281
2962 3968
1924 7334
4387 1401
8008 7320
4066 1903
504 3156
4774 6477
9452 8792
2139 8090
9554 2993
2948 1920
2256 8112
9168 7812
5583 2879
4708 5314
9160 8750
360 2163
6083 4747
3564 4090
2066 8709
7072 3650
2943 1845
1205 2395
1715 3345
1563 2347
7417 4511
4268 9673
3701 3435
7485 9285
6314 3271
4598 5473
2020 4958
8715 9182
784 2279
4350 3929
2066 1421
8658 5010
4346 9864
8484 6061
4287 46
8409 1703
5636 3755
2454 9337
7190 9939
8621 3503
4289 4297
54 6309
334 8770
5491 2197
2127 9841
7205 4193
2341 6942
9203 6687
6805 8765
3826 2170
8811 3313
3873 5525
8147 6327
4862 5336
7345 4561
9918 2712
9938 1051
9021 1350
899 5590
3547 3026
6510 1830
8298 8851
8772 8580
6616 6655
7344 1520
8825 7234
5913 3776
2758 4059
1182 7620
474 9606
3260 391
2317 3197
2521 2416
4547 3420
9086 9173
7525 5595
1002 6902
5524 853
5481 3218
7508 3903
4738 7412
1136 650
1187 4974
5789 3448
3672 6263
3053 6932
7733 6449
1207 254
9945 6833
3674 9030
6005 2278
5703 8087
9180 1226
8940 4660
4444 6447
9642 9182
3858 1857
911 6125
6831 7779
9573 1581
4041 3705
9593 1773
153 799
2027 97
7633 6781
9127 4716
9059 4829
2802 8238
7134 1741
3976 1577
9268 3617
1838 4204
6553 3828
328 3383
1606 9902
6044 6726
4685 5636
9578 4838
6435 1605
6015 5146
9465 6220
941 9602
2128 3743
7839 9262
6564 2893
1918 6910
7589 3756
1113 4142
8663 2521
8604 1347
3501 4647
8073 8186
1361 7650
3023 8876
333 9038
4021 9798
6337 4962
477 8465
9785 9395
7726 7427
2287 9644
4336 955
4478 6528
5097 3140
9049 4779
4487 2549
505 3638
734 1866
1288 4837
741 1621
4953 5842
2498 1289
803 4054
9754 1666
3449 7480
171 5736
8202 5586
6691 2680
2114 2866
6899 1162
7646 2465
4791 8151
6103 6604
1095 7391
1440 1837
91 6394
7679 3668
8762 9561
7722 8516
1227 1170
7074 2477
7986 6354
8064 5755
112 177
8622 7012
2418 7346
9477 8288
6575 5579
4892 7670
4049 6332
9507 5219
3804 8264
9966 3645
7825 7687
3239 130
9937 1391
2607 9001
7745 670
4755 7858
1926 4455
5948 4345
2879 6503
3711 9454
3160 8603
7124 8288
6014 7709
3506 896
7052 3471
4541 4876
2237 7780
6085 3252
249 9771
3331 7995
1520 8086
6931 3446
3620 3957
8870 6499
459 2581
5953 3619
1183 4155
1907 8276
2942 6492
9173 9994
1042 4792
5948 4358
2572 3111
7610 3900
2882 2019
2973 4402
104 9904
8927 3724
4939 7797
1302 5398
1456 7255
96 3718
2488 3082
1994 6509
9574 1166
6503 1694
5958 3529
6052 9609
6641 4740
3509 601
6759 7561
5003 7943
7465 3929
2745 3482
2804 4047
8881 4260
2380 55
7979 4868
4216 1051
1377 3789
2217 8959
6563 9254
3566 2614
9942 1285
8434 4529
1886 5192
2089 7968
3134 632
2976 6959
4115 6859
1005 4074
1119 3386
5208 176
9333 9424
1227 1788
4291 4523
1825 853
3776 6471
3468 4796
7756 1901
9325 721
8172 2493
8689 2385
3125 2743
9344 7240
9603 348
2392 1800
4813 7600
1976 5225
7023 4282
7013 1314
8805 9918
2167 3659
6388 6714
8456 4143
9694 8859
4864 8945
1351 4632
1329 4477
8454 672
2795 8056
2099 6267
934 7992
3866 2910
3216 1968
8271 1307
4361 7075
1224 7607
734 7612
4321 268
2834 5093
9127 7698
4037 1557
3408 5366
7113 1862
7117 986
996 295
7253 1931
8287 2198
5920 2581
4166 4191
3888 9606
1265 5113
7212 3078
3803 2611
4425 6637
7705 4631
5414 2820
6188 8822
9266 4379
1762 7461
5365 3838
7756 2618
5769 7121
4816 2767
9702 60
6958 3590
744 9303
8703 7956
3459 3584
1646 7885
221 429
2515 5635
3249 9782
5535 3593
4160 7298
1054 9525
1135 8810
3221 7983
5931 9116
749 5632
254 8787
300 998
8089 81
33 1547
3666 1679
510 3887
2108 4104
9522 6436
4964 5056
29 9124
3432 1083
9728 5646
971 2948
3628 6902
3143 5457
3613 3397
4243 3913
4396 3410
3995 4429
4957 7661
7187 6547
1547 9295
650 2147
6809 5615
8282 6838
5817 2793
7921 6623
8439 8893
650 3146
6873 3793
8603 1564
7190 3924
5478 2664
7334 9473
8172 3369
8212 5358
9916 837
5731 1645
2984 2540
8339 2344
9378 4155
5137 8378
778 3576
8349 1428
6722 6300
6300 6403
7865 4568
1405 3342
7233 8739
3893 5404
3186 3183
1841 4181
4020 7572
6905 7004
1190 5243
426 568
476 5564
24 2333
9140 9452
3761 6940
5751 1139
4421 3615
5708 5826
8036 2940
5643 3007
9423 9908
6190 2342
4088 209
993 992
8292 2183
7314 8719
3830 7791
4282 3854
123 4500
4384 4964
2518 135
6103 8018
4829 1810
3843 2865
5829 564
6951 6331
1550 3141
9752 5639
4429 744
7710 2721
2928 5024
2518 7837
2814 7879
2770 2937
3457 7154
8980 5975
7289 5083
3992 3197
7972 8914
7141 3801
556 4091
1210 2106
7232 961
8824 1661
2785 6534
5461 6792
2636 7979
4628 6529
6936 7398
544 392
5631 9525
7446 3998
4607 1437
7195 2578
1429 4335
7458 3064
8427 9747
5170 6737
708 5073
9477 4572
2685 4937
1363 5321
3994 7070
2928 2008
4468 3472
2400 1177
2996 9846
5175 7603
2361 2370
1260 4869
6705 9797
7933 6210
9544 4182
2947 1330
9255 2423
5902 3018
8440 8344
8339 3512
5413 1266
5521 959
5817 7921
2136 8814
8846 7312
7495 1206
760 8755
7155 7465
9631 5087
4754 9174
9269 7701
503 9602
1202 7484
2619 720
5827 2036
4233 2318
4381 832
3278 198
8753 6493
90 8677
3804 7585
962 4564
7419 8117
3108 7049
3203 7862
6222 3551
6641 7804
4231 8922
6366 6851
9643 3271
9966 4954
5589 5426
5786 8867
5624 5617
5360 6793
4294 242
4377 5256
5886 1795
4451 8994
8844 8733
7934 6144
2283 5653
5026 6515
4574 1391
4444 5295
4662 5488
248 1330
913 6034
196 7616
1651 6635
4408 7024
7957 8786
3358 3842
1659 7809
3914 1582
6541 2926
7726 9904
8579 2752
7497 4231
5222 3019
9527 963
8507 9775
2293 499
6888 3568
8115 9618
1282 2523
6641 9239
2387 1077
4159 5125
8886 9152
6707 6505
2077 5512
6408 1734
