100
20 59
36 41
13 87
79 90
11 70
15 100
73 98
51 73
67 71
33 50
3 33
14 40
34 90
43 68
24 38
39 73
15 52
16 55
37 97
8 53
3 64
19 89
37 62
37 60
4 87
5 83
25 59
38 42
72 99
28 89
61 88
27 78
28 85
3 14
43 81
16 44
14 73
26 47
43 91
44 65
18 19
43 78
3 9
5 6
17 58
41 80
75 96
33 46
11 80
9 19
3 95
15 76
23 43
9 52
29 37
29 68
3 38
21 49
47 93
14 88
56 75
49 66
23 59
9 43
10 13
13 22
31 81
32 53
55 96
7 43
43 54
17 45
12 21
5 18
64 94
34 84
71 78
74 88
48 90
44 90
7 72
1 81
16 30
33 69
17 33
49 55
2 20
3 49
41 59
76 82
32 68
80 92
35 89
16 57
11 86
13 37
32 77
63 89
44 47
