700
475 690
125 506
545 553
374 573
409 502
303 628
274 628
69 213
505 599
63 369
2 451
147 488
321 586
258 563
10 687
141 439
30 627
121 509
84 513
166 657
415 620
23 424
440 531
284 383
155 671
75 379
276 368
282 325
138 225
220 252
128 595
60 325
137 347
150 542
56 334
114 600
7 157
10 182
599 667
151 629
360 539
627 664
443 529
319 632
313 613
107 130
272 553
328 481
5 524
8 239
260 437
285 553
414 456
524 666
149 303
297 628
305 457
24 39
147 387
104 675
439 476
181 303
259 384
58 297
106 462
55 152
319 394
51 192
21 673
285 664
498 577
171 195
107 400
250 483
548 596
118 547
480 589
164 484
684 688
244 664
45 146
205 426
290 561
491 697
40 319
374 462
226 695
260 603
487 658
46 460
271 385
85 165
112 246
345 650
257 439
111 579
295 469
180 663
275 626
149 504
467 613
370 463
207 667
191 664
221 512
39 689
522 566
124 465
25 207
279 486
46 596
63 456
236 536
458 657
52 224
23 354
335 398
13 74
251 425
73 612
510 576
71 588
439 483
333 510
208 477
362 491
473 683
322 512
516 696
30 101
147 291
96 692
54 88
153 310
467 531
98 562
402 578
120 548
355 451
127 590
149 672
413 681
258 334
119 418
341 479
489 657
2 638
543 647
121 595
320 427
174 689
367 533
108 260
445 530
81 282
42 526
87 170
433 561
242 526
342 606
580 587
159 362
123 696
67 118
436 571
533 597
4 162
286 624
510 515
361 656
238 303
62 438
280 579
53 59
165 683
623 699
474 502
526 681
294 349
208 478
177 485
216 234
467 593
89 401
202 586
133 585
164 178
15 627
154 547
220 444
143 606
231 392
239 559
283 473
25 372
452 491
558 611
230 422
255 394
394 456
74 562
368 699
281 436
280 350
32 608
298 402
438 448
235 640
135 587
258 344
197 407
352 441
405 641
8 394
107 531
245 569
232 390
130 138
71 184
280 527
157 297
114 617
96 307
466 695
172 300
108 656
277 624
162 408
80 668
25 411
285 402
172 474
247 260
3 138
15 391
50 546
560 608
591 666
15 487
580 655
474 619
92 552
74 584
295 628
408 685
286 423
129 208
309 495
18 260
333 358
568 648
143 314
156 394
627 669
287 370
271 517
377 571
185 230
37 418
195 253
384 430
221 653
237 333
329 538
512 519
306 663
555 620
253 412
180 365
179 573
61 402
18 253
622 693
120 492
286 664
188 501
452 700
107 116
11 117
335 625
164 462
521 657
21 319
152 219
664 685
157 213
51 417
343 366
383 457
384 521
79 348
312 450
312 495
270 422
312 498
486 528
54 523
393 531
138 557
32 395
219 659
167 331
47 533
36 328
72 94
397 590
235 684
521 607
402 565
107 533
90 592
353 696
11 455
27 681
82 330
177 273
326 529
8 349
293 664
303 377
316 632
336 382
36 95
161 252
380 602
203 273
189 668
345 487
22 649
357 459
392 668
636 696
135 136
97 579
399 586
286 416
57 396
91 535
579 681
185 518
159 622
96 266
8 92
371 467
134 446
79 626
215 394
92 110
138 520
450 694
80 194
507 598
148 278
148 193
36 592
243 547
319 606
352 382
43 232
12 627
342 605
20 526
112 120
369 373
175 569
173 315
311 410
208 645
189 453
198 395
31 673
87 602
97 608
81 465
28 91
308 653
570 601
86 500
316 684
610 626
464 579
125 606
568 594
470 683
240 522
35 579
263 466
49 421
214 367
336 589
147 218
44 431
32 126
50 74
425 656
66 410
252 511
333 406
518 551
242 549
71 613
427 547
255 370
429 649
458 479
165 541
286 544
72 644
196 514
132 356
183 316
97 448
133 434
59 249
149 173
461 607
177 525
96 347
328 630
36 77
28 89
229 446
16 172
34 115
99 166
61 496
442 658
50 651
404 578
461 676
77 356
29 609
78 343
394 532
98 115
412 604
304 468
19 556
254 661
427 689
490 691
130 358
139 142
105 346
570 669
212 358
500 577
516 596
218 286
608 609
91 690
75 472
199 658
88 358
50 224
296 554
394 626
78 123
47 82
227 673
400 682
165 459
121 381
288 318
301 668
211 310
74 262
456 529
87 664
331 548
562 583
382 689
381 499
538 647
359 442
176 477
560 585
6 159
14 579
258 386
107 608
467 587
107 145
246 265
332 679
14 158
159 405
111 537
233 280
490 581
231 646
288 497
261 507
222 650
130 452
37 248
212 692
204 664
680 691
388 507
26 250
230 522
21 449
150 209
381 530
147 514
427 568
236 286
9 256
145 160
502 699
331 415
134 508
1 357
77 664
200 338
471 627
105 303
389 447
10 206
144 450
181 660
338 362
150 327
83 302
169 243
206 634
267 477
317 428
32 561
508 562
188 207
98 653
474 657
150 377
474 664
70 119
31 93
91 361
529 665
238 534
60 131
75 261
149 608
47 175
59 268
151 261
22 107
76 471
351 398
139 246
120 381
351 476
122 674
219 618
296 374
10 44
474 589
113 432
375 573
164 421
51 381
261 317
100 525
107 616
18 43
224 271
241 590
103 367
46 140
614 653
217 585
68 165
386 626
229 454
432 468
92 599
260 626
261 374
107 204
399 486
36 590
360 618
363 620
562 608
285 312
299 681
254 259
83 174
228 525
96 494
319 615
285 418
289 382
465 502
351 419
189 695
222 482
189 300
33 292
128 197
336 677
145 354
318 548
339 445
57 632
2 491
10 216
242 447
42 153
164 503
358 666
336 538
654 679
165 378
122 418
168 294
426 537
256 637
105 572
423 671
608 643
171 324
115 269
210 488
578 662
88 420
97 635
557 564
64 495
48 323
163 371
390 493
84 374
255 432
156 540
180 285
435 570
38 39
92 477
105 374
109 414
150 631
349 639
219 296
181 264
201 219
336 490
586 686
59 65
77 337
159 383
439 666
596 608
98 642
82 582
213 340
333 574
5 45
41 628
55 332
374 652
186 300
298 550
148 474
541 670
177 516
253 644
33 554
520 621
66 507
548 556
389 567
529 575
376 458
261 678
65 538
190 333
182 423
102 517
415 675
88 223
30 600
117 480
215 698
516 558
117 364
17 115
80 399
253 256
204 626
46 187
596 683
252 383
571 633
422 471
48 503
199 612
403 556
