2000
1149 1272
218 791
528 1081
1420 1960
776 1298
447 1222
1248 1441
1346 1894
1157 1809
460 995
1747 1815
269 815
1103 1697
448 1427
1821 1979
760 1315
21 1245
136 273
588 1047
1147 1431
1189 1807
215 542
101 1986
264 1101
1241 1327
612 682
725 1741
895 1035
392 1025
1163 1991
911 1749
524 1690
298 1458
1350 1873
68 1645
607 1485
577 1566
1671 1698
290 933
662 806
755 954
418 848
338 921
684 1041
1059 1124
880 1642
276 833
1579 1682
102 270
312 414
41 928
218 764
909 1573
1777 1864
975 1638
44 597
351 1082
472 823
1614 1723
1498 1633
581 1202
1646 1920
306 1756
631 882
804 870
718 1239
674 1971
341 1557
883 1022
1235 1252
1706 1860
575 1523
146 218
1360 1468
82 1221
114 1233
1147 1997
133 1521
490 874
127 166
41 1377
1386 1833
491 1357
1516 1955
417 722
14 1325
82 758
1040 1692
559 1642
104 1390
531 1279
52 396
267 1687
590 1336
6 440
226 1908
553 1539
1224 1813
786 1469
568 1054
1842 1928
1881 1982
64 165
1828 1879
666 886
864 1606
410 1417
638 1853
352 1179
941 1998
927 985
725 1064
699 1123
536 824
1228 1729
114 831
847 1527
1149 1559
390 998
402 439
1415 1774
984 1592
1315 1767
478 1173
1065 1168
479 1493
894 1317
1137 1311
226 1934
732 859
204 1725
172 1294
382 403
1298 1989
482 802
971 1263
456 1878
271 1171
486 1474
76 1373
795 1373
504 1210
581 1515
44 1418
1123 1331
285 1813
682 1105
1172 1876
114 1278
951 1157
1199 1679
492 865
563 1415
712 1117
1124 1370
235 797
214 675
18 956
1207 1249
1657 1729
1726 1937
1561 1904
203 1333
84 1804
1245 1434
171 689
900 1639
206 819
314 1521
599 1162
416 598
173 1233
1184 1527
713 1223
1315 1869
858 1820
1225 1590
539 1606
653 1287
1225 1889
543 1182
1036 1338
3 383
48 111
162 289
252 1593
671 780
478 990
471 1691
426 643
819 1501
148 302
190 869
67 704
697 832
1127 1293
977 1287
386 1424
885 1246
230 270
724 1308
552 1364
303 813
408 1923
180 784
1574 1760
1043 1897
333 1248
1962 1980
205 969
1811 1924
1347 1814
696 1474
1537 1715
29 416
345 1393
1752 1938
755 1672
998 1112
957 1060
942 978
1871 1922
1077 1164
148 646
643 881
835 1492
591 1330
70 1180
1329 1827
895 1295
1032 1072
586 1755
1473 1792
343 847
1332 1830
671 1821
156 1279
82 871
733 1468
1313 1597
1368 1673
191 1568
136 291
1238 1729
404 1294
1223 1639
458 1100
158 1486
1078 1527
788 1354
1438 1862
549 1735
531 1746
655 1920
1161 1835
255 1806
1384 1786
316 1863
1178 1394
198 889
995 1395
636 1846
624 1171
579 1636
340 810
320 768
1201 1297
417 1430
692 1241
49 836
232 977
343 1782
647 1305
358 1188
379 558
421 1707
283 1537
1116 1179
119 342
148 539
1137 1460
636 1989
105 476
1346 1944
583 1980
590 1422
1090 1681
237 958
316 1503
1053 1373
402 899
201 1045
180 443
1066 1896
1387 1585
1573 1717
1729 1905
244 1853
6 1302
197 749
1417 1907
186 1142
570 753
975 1942
320 1198
383 996
155 905
372 1316
801 1752
8 54
1042 1611
1076 1352
185 953
493 1290
664 1637
621 1654
1070 1957
1527 1727
231 1434
1162 1899
289 885
1039 1211
854 1537
665 1819
628 1032
1726 1898
33 265
569 765
13 531
1054 1186
558 1906
5 884
1287 1689
523 1192
19 37
131 232
145 1821
989 1814
298 1845
409 952
1507 1617
828 1432
379 1958
78 620
1311 1961
367 1241
581 682
517 548
571 1373
1083 1427
474 1597
273 601
715 1771
446 895
877 1626
480 1429
907 1163
501 1478
1384 1398
891 1722
634 914
860 1232
882 1279
1205 1898
699 731
103 347
1075 1173
707 1211
1330 1699
150 1449
1602 1770
1324 1597
137 1938
530 1439
622 1236
1050 1925
445 1129
1054 1922
249 822
1178 1602
149 1845
201 1540
1059 1227
701 1600
359 822
1196 1953
1055 1161
898 976
420 458
744 1384
212 1475
818 1004
659 1104
1305 1739
32 867
590 1720
281 1805
996 1622
206 1350
1852 1973
223 1700
1258 1483
462 1578
240 1282
466 1264
144 1530
981 1896
868 1627
731 1689
1686 1711
843 1706
480 1747
1182 1261
378 1244
436 1927
57 397
811 1940
540 1373
210 1423
1406 1501
424 1870
642 1386
492 1560
94 796
1084 1839
720 1580
774 1523
337 1228
195 1981
502 1481
47 708
372 691
400 1699
71 227
200 782
641 1964
271 513
33 572
323 1980
723 1998
1570 1726
499 1459
632 1541
540 1805
24 229
699 1001
766 1510
1323 1758
858 996
712 1177
1008 1983
770 991
23 64
54 148
926 940
886 1915
785 1006
1326 1367
682 1561
405 1998
142 1331
709 937
413 1342
982 1096
289 1615
89 787
208 770
1172 1390
808 1815
861 1623
643 1807
250 1000
1110 1416
692 1180
65 466
585 1408
1022 1531
360 1381
56 893
1118 1561
1420 2000
42 88
819 1296
89 1240
200 590
1545 1832
308 435
1899 1967
394 1453
754 1555
271 569
939 1334
1620 1622
251 1206
584 750
541 910
312 1868
390 736
302 1689
644 1173
1112 1550
74 1638
147 1812
1102 1290
1471 1544
344 1576
414 916
624 1293
371 1414
365 1049
996 1921
69 581
1046 1111
130 929
1606 1854
589 1478
179 622
192 704
330 527
581 1286
670 835
338 619
528 1930
447 1027
1355 1834
1513 1617
1112 1899
1720 1780
749 973
1575 1615
1111 1644
1146 1401
390 551
868 929
288 1085
907 1453
994 1238
396 874
500 1457
870 1835
1021 1545
391 1664
310 1771
917 1155
1422 1716
477 1357
1824 1899
436 1648
406 1557
815 1837
1478 1801
27 1439
748 1202
227 485
783 1817
313 1745
490 1483
103 302
553 1617
474 1914
304 1153
91 1434
815 1699
488 887
540 1222
841 1223
441 540
740 1461
1779 1938
196 1652
166 1006
243 336
67 321
862 895
196 1584
164 777
268 298
564 1075
1381 1856
340 396
159 1154
1079 1826
1358 1997
229 1737
96 1937
33 749
757 1878
414 1030
1227 1588
1018 1427
376 1140
1438 1508
4 1541
389 1757
452 462
1387 1421
849 1726
1073 1633
230 888
1739 1947
299 1616
625 1459
223 1217
660 1653
179 916
23 1879
803 1396
1351 1855
790 902
734 1858
377 600
1558 1606
409 1360
869 1262
58 222
1609 1699
566 864
72 357
458 588
1373 1651
1190 1631
242 1689
429 1859
595 1713
509 513
443 1111
578 1268
1447 1713
782 825
497 964
507 1273
129 183
721 1893
1584 1605
1286 1864
198 1987
1161 1463
590 1977
594 1244
692 1329
763 1573
260 451
1380 1858
1449 1965
1463 1844
180 1678
1024 1161
257 390
699 1566
311 1490
842 1459
884 1111
916 1532
1192 1968
484 587
22 1229
295 716
197 1400
540 1144
234 1708
1055 1167
287 1591
1173 1353
1307 1459
254 1454
1162 1704
1255 1293
469 1094
33 1231
393 1807
355 1845
304 635
1209 1795
1383 1703
54 1066
179 1922
930 1295
384 1910
93 1578
284 305
441 1659
79 1002
1721 1761
448 913
1026 1508
409 1621
288 842
1223 1564
1400 1407
1009 1660
1534 1968
540 1635
188 1200
605 1328
438 1154
676 1248
107 864
9 978
29 596
872 1638
532 1222
344 1861
1442 1880
113 1486
906 930
202 1108
1347 1690
681 1467
946 978
1066 1838
263 1276
297 300
427 444
325 951
1012 1531
490 818
461 512
463 734
187 1214
482 1244
1283 1898
135 1148
646 1215
526 943
821 1448
1037 1842
122 356
1155 1612
108 1687
267 1269
529 1543
1559 1755
182 1979
293 1372
1459 1628
1107 1607
472 579
1706 1978
32 1191
792 1824
183 1185
779 953
107 669
968 1890
964 978
649 1276
341 692
987 1550
595 1220
1025 1298
727 1014
1442 1587
1093 1182
721 799
1159 1457
218 846
38 610
1070 1905
2 1234
498 1219
66 132
1427 1688
349 1476
979 1480
864 1614
861 1324
152 249
613 692
641 1768
781 1211
1240 1936
399 1552
1376 1546
90 914
418 1127
1038 1898
1458 1586
987 1882
1250 1991
247 785
920 1451
1458 1488
850 1061
487 1074
35 775
796 955
717 1206
1340 1845
437 946
1146 1513
216 219
853 1880
873 1694
138 1088
84 1845
25 1737
1455 1845
440 922
906 1203
388 1810
1793 1958
1448 1606
592 1232
1577 1644
181 1589
45 565
1288 1937
1005 1618
624 1129
545 951
1914 1982
448 1753
1600 1703
958 1414
769 860
465 1746
598 985
1519 1573
1254 1665
832 948
1060 1888
309 1140
165 1170
215 1336
762 1507
253 692
646 1294
356 665
194 862
340 673
665 1733
639 645
402 426
851 1171
217 960
850 1263
815 1597
131 1582
402 450
474 1485
1097 1210
1142 1322
983 1634
653 896
179 875
1038 1556
1315 1389
300 1734
728 1729
978 1362
337 1766
1128 1167
307 1744
140 1298
1699 1948
864 1490
428 758
163 578
680 1066
1852 1874
1195 1324
1266 1796
205 1016
556 1860
566 1709
1562 1683
60 1982
339 1360
181 260
523 1445
1243 1545
624 695
473 848
478 1730
1581 1899
544 1256
1787 1814
710 1608
471 998
206 652
31 1920
793 822
351 1365
164 1750
1531 1873
663 1024
350 527
703 1437
120 1452
235 421
555 628
990 1496
646 1044
374 1026
992 1632
41 574
284 1556
656 1038
1444 1999
1408 1801
124 500
133 1971
754 1145
1222 1749
1295 1710
1158 1489
1165 1976
421 1498
80 1494
720 944
83 179
169 1424
248 1661
903 1459
121 1855
118 1403
353 1271
413 691
1014 1056
1281 1963
189 1184
200 1760
543 1909
908 1805
1420 1720
856 1633
1721 1929
419 1481
667 1053
3 1259
119 1141
1407 1604
540 1994
115 382
589 1226
789 1017
326 461
928 1597
412 1729
518 743
92 838
882 1350
488 732
747 822
395 1841
150 1096
120 1553
1223 1883
1271 1400
455 1479
97 1202
898 1014
186 1192
1289 1344
520 826
106 1883
1498 1946
490 1981
243 1284
1206 1911
140 1634
160 1507
230 1066
541 1517
148 901
324 1983
414 1478
148 1905
540 638
10 753
1392 1574
415 857
590 1387
1530 1567
1419 1456
1 544
1111 1158
1070 1662
335 1344
214 1089
181 1120
86 1140
1207 1264
886 1295
95 1643
100 1158
442 488
395 417
1233 1538
865 1937
1247 1920
1498 1802
227 295
150 470
730 1571
114 971
237 1439
544 1634
1444 1792
926 1698
520 1314
298 1966
270 771
1161 1172
271 1860
355 1663
92 1771
208 1728
844 1558
873 1067
1044 1610
994 1290
1131 1530
1055 1251
833 1959
50 159
709 964
1402 1719
1292 1579
975 1454
1099 1140
11 735
1088 1270
836 1202
302 678
721 1185
1009 1299
742 846
287 935
1494 1571
636 1926
737 1970
1230 1640
340 1216
1891 1973
1244 1459
343 1133
408 1350
421 1518
1091 1466
167 706
1397 1626
203 1092
84 411
411 1719
319 1655
1666 1859
362 1276
395 1121
111 414
745 1676
1066 1125
712 954
1428 1580
200 1347
908 1133
1193 1248
515 819
1707 1988
207 725
1745 1873
333 1282
316 1979
236 1222
824 1656
668 1133
1831 1975
540 1498
315 1297
1579 1842
269 790
558 1493
328 1041
85 1363
197 1432
1042 1448
571 1696
307 533
141 1598
388 1680
91 370
133 1294
788 1593
1156 1372
203 1417
1142 1285
1129 1972
351 468
358 1761
1357 1720
558 562
543 1465
397 1983
640 1547
574 894
155 1324
617 1440
671 1859
1253 1835
931 1314
298 711
110 799
714 1109
37 1187
713 775
839 1578
426 507
1845 1903
475 1023
527 1319
1132 1572
891 1857
1244 1813
117 1050
1338 1433
1139 1691
558 1327
196 1274
822 1522
761 1447
995 1227
1640 1683
621 881
1182 1952
706 1385
547 1315
642 1984
373 1194
863 1199
376 1454
1650 1966
1092 1920
965 1319
25 1675
210 1513
81 457
85 1229
540 1026
416 1625
927 1160
1237 1276
455 728
94 428
1140 1681
964 1223
705 1157
461 1372
476 1235
76 1016
204 1649
424 1630
906 972
525 964
343 873
220 1248
924 1641
1149 1850
368 757
1235 1830
390 750
1388 1633
1235 1482
831 1933
516 1178
511 1882
319 1298
72 1308
617 925
1310 1964
553 1730
1106 1137
18 561
1377 1464
94 879
279 990
334 1079
99 1569
1066 1227
813 1516
458 871
1322 1529
691 1556
505 1301
267 329
441 1811
192 1729
614 1266
77 1729
37 1339
120 167
1350 1941
999 1870
986 1525
1284 1740
271 1028
959 1036
604 1501
1626 1705
1284 1747
1013 1778
1715 1743
70 1499
387 1735
840 1140
1381 1665
540 815
239 1731
709 1594
474 1812
26 1639
1653 1847
840 1369
335 1092
1235 1901
259 1713
711 1382
117 832
845 1308
691 1758
833 1686
324 1670
1511 1771
397 1927
778 1651
1694 1754
21 481
804 1491
469 1653
231 1748
864 1266
821 1735
234 1574
17 1430
964 1242
820 1031
550 1860
1007 1136
742 815
241 397
606 610
993 1357
576 1162
72 459
471 1867
64 78
27 1742
366 376
880 1512
117 1997
834 1711
546 975
132 1867
181 671
354 1123
148 1739
88 581
79 1042
141 540
352 1523
200 425
1699 1917
1154 1713
272 1087
1020 1938
54 72
1298 1436
1551 1817
335 1025
436 1784
567 858
609 1009
1198 1983
143 1736
476 1970
205 1788
364 776
819 1301
963 1958
582 1256
54 1109
855 1510
964 1391
996 1533
1165 1467
1027 1799
196 343
627 1735
918 1722
424 1445
1476 1500
55 446
1603 1780
720 770
206 1856
153 646
6 41
156 639
1130 1515
229 1113
1284 1730
390 610
1009 1343
974 1635
112 1747
148 173
1651 1983
994 1346
39 1658
510 865
854 1411
793 1222
807 1043
289 1157
75 1901
647 1015
977 1054
78 1865
948 1337
826 1843
1212 1886
53 712
981 1134
819 1943
15 726
361 421
497 1695
1341 1484
806 1485
427 1362
423 911
807 934
1003 1495
679 1112
508 1396
45 932
359 1409
462 772
1135 1800
274 1319
1070 1808
544 1669
603 750
1155 1381
1257 1288
429 654
197 1629
925 1513
454 1012
58 619
148 553
317 955
538 1968
185 1540
148 1936
296 1687
301 1247
623 1279
459 1131
1259 1783
1347 1526
526 1175
1690 1985
1730 1852
1238 1900
345 581
1415 1858
1658 1783
221 658
15 402
200 541
18 1720
230 939
1240 1919
1371 1496
896 1757
948 1374
746 1111
59 549
1845 1963
758 936
560 667
494 1256
858 1861
1494 1751
975 1764
760 1171
282 1279
624 1211
388 1359
409 1405
54 1721
864 959
688 876
882 1291
847 1304
595 1115
639 1469
1413 1524
487 1775
606 1166
1635 1951
1426 1689
391 422
1097 1470
1536 1614
22 224
1074 1547
1091 1497
43 84
468 1834
1341 1834
752 1356
485 1763
826 1892
529 1626
738 1920
460 1619
968 1514
918 1738
1321 1434
173 1579
1212 1726
1137 1930
815 1459
842 1378
211 831
518 1971
226 598
1018 1140
11 1887
843 1772
579 822
151 1387
1275 1898
720 1114
508 1825
12 636
349 597
665 1998
167 1382
565 1656
10 506
98 801
655 890
206 1474
241 1702
335 1606
67 573
928 1549
482 1443
127 1616
490 1140
1502 1814
1701 1960
381 510
71 170
1124 1267
187 758
819 1033
960 1730
209 1115
278 803
1143 1523
626 1462
969 1348
517 1905
1011 1460
1367 1496
10 230
557 1482
94 157
292 946
691 1995
503 981
709 1601
1277 1532
972 1618
213 685
346 1840
346 624
725 1819
175 834
434 1646
1091 1232
429 1945
904 1730
868 995
380 1760
1278 1607
608 1817
574 933
895 970
1111 1803
240 262
1026 1587
1048 1086
968 1038
812 932
1689 1898
286 1643
1509 1761
197 256
127 996
46 925
200 1569
1038 1217
1153 1165
346 1818
1674 1839
100 148
125 1054
47 1169
399 516
1265 1785
7 1525
1582 1884
1076 1172
460 745
565 1416
938 1921
754 1739
1013 1227
20 1565
333 1070
580 1476
139 780
184 683
929 1596
680 926
587 657
987 1613
1387 1822
1068 1839
1235 1327
633 1029
9 1449
840 1722
14 1966
1668 1781
1653 1729
840 1327
1744 1920
2 1520
945 1146
507 1790
835 1440
843 1010
391 761
395 1454
379 1495
495 1874
898 1688
1410 1422
712 1760
874 1063
677 956
229 1017
700 913
1276 1291
630 835
590 1293
687 1891
237 286
267 468
540 1474
978 1235
302 1249
772 1714
722 1823
56 112
187 475
1160 1769
345 809
1537 1751
300 1513
47 1058
1471 1631
1133 1954
168 598
187 800
924 1187
1199 1792
710 1062
1578 1798
238 912
1023 1632
1249 1910
76 1816
453 848
582 1624
496 918
1759 1772
869 1284
866 1927
312 1280
739 1142
1038 1953
1538 1912
878 955
1943 1950
243 535
273 1516
99 729
610 637
101 449
462 1183
47 1866
43 1595
689 1597
1582 1877
1357 1600
1019 1873
543 1751
125 1463
1161 1858
1720 1800
664 1287
514 1444
1223 1705
267 1765
1504 1902
37 1713
997 1293
329 1831
816 1070
377 500
1506 1988
1723 1939
267 1213
1165 1660
197 1689
267 1792
551 1462
702 1098
672 1873
527 759
1345 1965
239 1647
431 1328
686 1925
684 1721
1726 1940
1157 1169
760 1403
458 1268
815 1372
237 1364
66 980
1252 1451
344 950
496 1916
615 1092
154 1909
649 1895
88 1029
466 1265
36 639
1271 1631
919 1605
246 1180
399 1057
361 435
1888 1987
1510 1591
232 1413
482 1119
275 1706
779 1860
9 1137
672 1461
289 1739
206 985
550 1776
618 811
1227 1472
258 1872
1079 1718
310 540
926 1206
507 1459
1597 1855
867 1699
176 1282
554 1575
212 610
126 355
272 1910
1040 1903
586 1309
62 1867
324 912
1117 1136
912 923
949 1123
264 411
540 1689
134 644
1437 1997
1364 1470
2 1789
904 1320
1295 1434
16 994
20 692
258 1140
162 756
356 619
274 1599
558 1685
1054 1086
169 1360
962 999
650 1171
174 781
64 1932
1260 1923
598 1079
694 1556
419 823
294 1235
87 1587
173 1755
1371 1732
181 1602
923 1918
40 421
1563 1898
928 1839
298 581
1450 1957
61 1672
840 1356
6 857
1647 1679
1392 1913
1034 1906
1570 1590
116 1322
530 805
1570 1736
820 1922
880 1739
345 382
1656 1705
875 1404
798 799
651 1376
782 1071
1122 1548
1477 1834
530 1051
233 1288
794 1312
28 817
199 863
430 925
58 646
227 1885
377 1194
897 1488
342 1223
28 510
255 1827
363 1151
191 734
334 1931
1306 1678
75 266
476 1693
611 1566
815 988
1052 1647
432 1252
158 1422
629 1955
794 1464
267 553
361 1545
978 1249
1375 1970
763 1935
1335 1479
1528 1964
514 1789
997 1773
91 221
1194 1583
814 997
488 1720
27 526
841 1667
318 1164
22 947
954 1993
76 1817
4 1554
876 1834
258 1990
433 1814
13 1542
430 1794
332 1752
287 318
1609 1797
327 856
1296 1974
265 306
519 954
675 1112
331 668
1572 1906
449 1752
1366 1486
9 522
1157 1829
407 698
206 1875
1435 1898
44 1592
51 819
375 1314
1167 1996
1016 1230
553 907
245 826
1150 1814
178 1111
1310 1359
1573 1730
648 1877
563 1239
581 1689
602 1821
237 298
1463 1949
68 725
229 1888
742 1151
799 952
249 1197
157 1168
815 1424
1044 1737
140 1969
829 1562
365 930
1000 1339
1148 1763
873 1446
678 1098
262 1795
758 1112
27 628
24 1480
385 1757
100 228
34 1505
966 1148
58 85
1143 1176
690 1079
29 369
177 292
852 1148
68 398
30 665
1108 1264
252 1851
277 968
942 1902
1653 1997
248 880
73 348
1249 1525
108 1138
985 1182
116 128
693 981
527 534
1467 1474
748 1762
741 1917
305 1204
772 1689
474 803
225 774
939 1310
826 1140
360 1303
1546 1955
10 1208
449 468
770 1434
11 379
866 1379
1112 1848
1670 1712
861 892
231 1384
193 522
1228 1318
72 710
383 1898
181 1319
1181 1965
619 683
830 1494
252 1739
227 1456
485 1689
1174 1753
322 416
1284 1361
178 767
1300 1319
467 1454
515 1487
187 1218
1342 1684
766 1276
1126 1550
460 1080
1069 1646
109 689
537 880
1016 1399
595 837
807 1697
1548 1613
946 1088
208 407
1451 1713
262 1724
18 1849
563 1219
587 690
1131 1781
181 1044
73 996
661 875
739 1095
464 858
642 1854
216 272
148 186
961 1533
204 1293
161 850
819 1899
500 683
748 1152
323 1405
1016 1349
553 1103
489 1119
773 1086
298 1297
796 1836
860 1120
967 1042
413 827
165 268
63 863
774 1838
81 1156
349 1142
521 898
164 1707
401 773
512 1677
616 670
127 1505
176 1104
483 680
280 1476
1849 1992
261 873
1522 1956
148 590
1249 1434
1200 1981
579 757
237 273
487 1597
1147 1791
593 1370
833 1937
751 1875
590 685
825 915
237 914
123 310
397 605
717 1541
719 1312
1258 1412
807 1535
1425 1947
952 1368
