26 300
12 21
4 20
9 15
17 19
1 23
14 20
16 21
3 19
3 9
13 14
8 26
7 25
9 20
16 22
9 24
3 5
2 22
3 6
5 23
12 26
11 24
15 20
6 26
3 22
2 24
4 21
1 13
20 26
3 20
4 10
14 21
15 18
20 23
6 18
6 16
5 21
2 12
5 7
1 24
15 17
6 13
5 8
1 7
9 25
2 10
6 24
3 12
13 23
17 26
6 23
5 16
9 26
23 26
6 19
5 18
10 24
3 21
7 12
18 19
1 4
3 11
17 20
5 26
10 20
8 23
1 2
21 22
17 23
7 10
9 10
2 7
5 14
16 23
16 20
7 26
24 26
9 17
6 12
7 13
14 19
16 19
11 12
5 9
13 25
11 23
23 25
3 23
6 20
12 17
4 6
21 26
4 26
7 16
8 18
12 18
2 19
17 18
5 12
5 13
8 21
13 18
1 11
7 19
7 22
18 22
6 9
12 14
18 25
3 26
20 22
4 16
9 11
8 24
1 19
4 9
4 11
6 14
2 9
3 4
4 18
2 13
2 17
7 23
11 17
22 26
3 24
15 22
7 9
1 9
11 15
15 25
2 16
6 11
1 10
5 25
2 5
3 10
13 15
14 22
3 13
21 25
2 14
11 16
2 23
20 24
1 18
22 23
7 21
15 19
18 21
16 17
22 24
14 17
2 4
16 25
2 20
5 19
8 13
4 22
14 26
13 19
10 19
2 8
24 25
9 12
6 15
6 22
1 21
12 19
4 5
4 17
16 18
11 22
4 7
10 17
12 22
9 22
8 19
20 21
11 20
3 17
9 21
2 25
12 23
19 23
16 26
10 16
19 21
18 23
4 8
18 24
14 23
15 21
14 25
19 22
22 25
2 21
1 5
3 18
6 8
9 16
13 24
8 11
7 17
8 15
8 10
18 20
4 25
8 17
8 9
10 12
6 17
2 11
11 18
20 25
19 26
9 18
6 10
17 24
14 16
1 3
19 24
2 26
8 22
11 21
3 16
5 24
17 21
7 14
16 24
1 8
1 12
10 25
10 22
10 18
8 25
4 24
13 20
11 13
7 20
15 24
4 14
13 26
8 14
2 3
4 19
4 12
1 14
10 23
2 6
19 25
12 20
14 18
3 15
10 11
15 23
5 20
7 8
1 22
7 15
10 26
1 20
9 14
1 17
12 25
11 19
13 22
6 25
18 26
5 17
12 24
12 15
13 21
10 13
6 21
6 7
5 11
1 15
4 13
14 15
1 25
21 23
4 23
19 20
10 15
25 26
21 24
23 24
11 26
2 18
7 11
5 22
14 24
8 16
5 6
3 25
5 15
11 25
15 26
13 16
