20 171
2 14
10 12
9 12
8 16
2 11
5 16
1 13
10 11
5 19
9 10
4 14
6 15
3 6
9 20
6 16
5 13
8 11
7 20
5 12
12 17
3 15
6 7
2 12
8 13
10 17
15 16
5 7
1 2
4 10
8 18
13 14
5 6
1 19
4 19
4 13
10 19
10 13
12 16
2 17
7 16
2 20
4 8
1 16
7 10
2 15
6 17
4 11
14 19
11 13
19 20
1 8
8 9
13 18
7 15
10 15
7 8
6 13
6 18
9 13
4 7
1 18
2 5
2 10
1 20
14 16
2 9
17 20
1 4
4 17
5 15
13 20
1 9
5 20
13 16
5 17
8 14
15 18
2 19
5 11
9 15
5 9
14 15
2 13
3 9
3 7
5 8
12 19
15 20
3 16
12 14
16 19
6 11
3 14
3 20
5 18
12 18
8 20
5 10
7 17
10 16
6 14
15 17
7 9
10 20
18 20
1 5
14 17
8 17
11 15
1 14
7 14
1 12
4 20
9 11
9 16
17 18
16 17
3 19
8 15
1 10
16 20
9 18
8 19
1 17
11 12
16 18
2 7
4 16
12 15
8 12
4 9
6 19
3 13
1 11
4 6
6 9
7 18
12 13
7 12
3 17
13 19
7 11
7 19
11 14
8 10
3 12
1 15
3 11
3 5
11 19
2 3
4 18
9 19
11 17
15 19
6 8
2 18
5 14
6 12
2 4
4 15
11 20
6 20
1 3
14 18
3 4
10 14
10 18
13 17
3 18
2 6
