20 172
2 20
1 15
7 11
14 19
4 14
5 17
16 18
8 20
1 18
6 13
3 13
6 9
2 4
6 11
9 13
1 12
11 12
10 12
12 18
9 18
5 11
1 9
8 19
6 7
12 17
16 20
12 19
5 19
1 17
14 17
7 12
8 11
8 17
10 15
17 18
13 20
4 8
5 10
5 6
13 17
1 2
3 18
7 19
5 18
3 20
13 18
8 13
9 15
6 20
1 10
16 17
2 14
11 15
10 18
5 13
3 19
2 13
3 17
7 9
11 19
3 4
7 10
2 5
4 11
10 16
5 12
6 16
4 16
9 16
2 18
10 13
8 18
7 18
1 13
1 8
14 18
8 12
6 17
16 19
5 14
8 9
11 13
5 15
9 12
14 15
8 16
1 19
4 10
3 14
7 15
6 19
5 9
8 10
6 12
2 19
7 17
4 6
18 20
10 11
1 16
15 17
19 20
10 20
2 15
10 14
6 15
6 8
4 7
11 14
4 9
15 20
4 13
1 4
2 12
8 15
4 19
7 14
11 17
4 20
4 18
5 20
2 7
3 16
7 16
2 9
17 20
15 18
9 10
12 16
13 19
11 16
14 16
1 3
2 11
6 14
12 15
3 9
2 3
4 15
1 14
3 15
5 7
3 11
13 16
9 20
2 10
6 18
3 6
9 19
12 14
4 17
10 17
7 20
1 11
5 16
3 5
7 8
12 13
10 19
5 8
3 12
13 14
2 17
9 11
1 5
1 20
2 6
8 14
3 7
11 20
15 16
15 19
