20 156
5 10
2 9
2 16
18 19
5 8
5 12
2 8
12 15
6 14
4 19
8 18
1 18
15 16
10 13
11 18
3 20
10 18
4 18
3 6
14 20
7 15
17 18
4 14
4 7
9 19
13 18
5 13
3 9
4 10
3 17
12 18
11 16
14 17
10 14
12 17
1 8
4 12
2 15
8 15
9 13
7 18
4 13
9 12
3 18
5 16
1 19
3 4
1 12
6 10
14 18
12 20
13 20
6 12
7 9
13 16
1 4
9 17
6 7
2 13
6 17
8 17
1 14
6 9
13 17
12 14
10 15
9 14
3 5
3 19
11 20
2 3
5 6
2 19
7 11
9 11
7 14
1 17
12 19
9 16
5 17
6 20
15 18
2 4
1 15
4 6
6 15
9 15
15 20
1 7
2 17
1 20
5 11
7 10
12 13
8 9
9 10
16 19
17 20
6 19
11 13
16 17
14 15
15 19
6 13
6 11
16 18
18 20
5 7
10 12
8 19
5 9
1 6
10 11
4 15
3 8
12 16
3 13
2 18
1 3
10 20
2 5
10 16
11 12
9 20
1 10
4 8
10 19
6 16
4 9
4 5
3 14
14 16
10 17
11 17
7 19
2 7
5 18
13 19
6 8
7 8
8 11
16 20
1 9
5 20
11 14
1 2
7 13
8 14
8 13
3 15
3 11
2 11
1 16
2 14
3 7
2 20
