20 168
1 17
3 11
4 13
3 6
4 7
1 10
1 7
14 17
14 20
12 20
1 16
5 13
8 14
3 15
12 18
4 8
1 12
6 15
16 20
3 19
6 17
4 10
2 9
7 17
12 14
15 16
10 20
2 3
18 19
5 20
3 9
2 17
19 20
4 6
16 18
11 12
1 15
5 10
3 16
3 5
11 16
16 19
18 20
5 6
8 19
7 19
12 19
6 16
12 13
2 5
1 11
5 7
2 4
5 17
9 16
6 14
11 13
6 7
8 10
1 9
7 8
4 19
7 9
9 11
2 19
8 20
13 17
8 11
17 18
15 20
1 2
7 11
10 15
9 10
5 16
12 16
4 14
10 11
2 13
2 18
3 17
5 19
15 19
6 13
4 16
3 4
4 9
10 18
13 16
14 19
13 20
2 14
8 9
8 17
11 20
4 12
3 14
11 17
14 15
6 8
1 3
5 14
16 17
12 17
3 13
2 8
3 18
10 17
11 18
9 14
1 20
1 14
6 10
4 18
15 18
9 15
6 20
1 19
1 4
3 8
2 15
3 7
13 15
8 18
11 14
4 5
5 9
14 18
13 19
1 6
5 8
2 16
10 14
2 11
2 7
7 15
2 20
9 12
14 16
8 15
6 12
10 16
7 18
5 11
6 11
5 18
8 13
9 19
2 12
10 12
9 13
4 15
3 20
10 13
9 20
10 19
13 18
17 20
6 9
4 11
1 8
12 15
6 19
5 12
7 14
1 18
15 17
7 12
