20 173
8 17
7 17
5 16
10 14
9 12
8 9
10 20
2 13
11 12
9 11
3 19
7 10
4 16
7 19
1 4
10 16
5 6
3 7
6 15
3 14
6 19
7 9
14 18
14 16
5 10
9 15
4 6
2 4
6 17
1 16
9 17
8 16
6 11
7 8
11 14
15 18
4 5
10 19
7 16
3 18
11 18
13 18
7 12
3 10
7 13
9 14
14 19
15 19
6 14
1 15
1 17
18 20
6 8
9 18
2 10
2 16
3 17
14 17
8 19
1 12
4 11
6 7
6 16
4 15
19 20
16 17
10 12
12 14
4 9
2 18
13 20
4 13
6 20
10 18
2 5
1 11
2 20
15 17
9 13
1 6
5 8
16 20
1 9
9 20
1 3
6 13
16 19
8 10
10 13
1 14
16 18
3 8
2 8
2 7
5 17
2 3
13 17
12 17
2 15
5 19
2 17
1 19
14 15
3 4
10 15
5 20
7 20
8 13
3 5
6 18
12 18
2 11
4 12
3 11
8 12
4 10
9 10
11 16
17 20
6 9
10 17
12 13
2 12
9 19
1 2
5 18
12 15
2 9
5 7
1 18
4 14
3 6
11 17
8 20
1 7
11 13
12 20
8 11
7 15
12 16
2 14
13 19
12 19
3 20
17 18
15 20
18 19
4 18
5 9
4 8
6 12
1 20
4 19
5 13
15 16
3 12
6 10
9 16
1 10
4 7
3 9
3 13
5 11
5 14
8 15
2 6
13 15
11 20
8 14
8 18
7 11
7 18
3 16
