20 158
6 17
16 19
9 18
3 14
7 19
6 12
12 16
4 10
5 20
7 8
11 14
9 16
2 5
5 19
13 14
3 9
12 19
6 20
1 14
9 17
14 19
3 8
4 5
11 12
13 20
2 17
19 20
10 12
3 7
5 11
10 18
5 13
11 20
5 17
2 13
6 10
2 16
8 15
2 10
3 6
4 11
7 18
1 10
5 10
11 15
6 15
8 17
9 13
8 11
14 15
1 3
4 19
1 15
2 8
2 20
9 12
4 18
2 14
3 19
1 17
2 19
5 18
10 11
1 18
5 8
3 17
10 19
7 13
5 9
7 14
13 15
4 8
13 19
7 10
1 16
7 11
1 12
4 6
12 17
13 17
15 20
10 13
3 16
9 10
8 13
11 17
9 14
6 19
2 11
3 13
7 16
16 20
8 19
14 16
2 12
1 19
11 18
12 15
3 10
4 13
16 18
6 9
12 14
4 12
2 15
8 16
6 13
4 7
10 15
8 9
11 19
7 17
14 18
18 20
1 5
10 16
6 16
7 15
4 16
1 7
6 8
3 5
2 6
10 17
12 18
14 17
3 20
12 13
9 11
6 14
5 14
2 4
16 17
15 19
7 9
9 20
1 4
4 20
11 13
17 20
8 12
1 9
8 18
5 7
1 8
1 20
7 20
4 15
14 20
9 15
3 18
12 20
5 16
17 18
4 14
8 14
1 6
6 11
