24 247
5 17
20 23
2 13
17 20
1 23
1 18
1 10
11 22
1 13
6 8
7 12
3 16
3 20
12 13
18 23
19 20
16 19
5 24
13 21
4 18
13 19
2 16
4 10
13 20
3 22
19 23
3 8
7 23
6 10
3 19
11 24
2 14
19 21
10 24
3 11
17 22
3 18
7 24
3 4
4 21
10 20
5 7
11 14
5 14
5 11
6 20
2 9
8 16
8 18
7 9
1 12
1 24
5 21
10 17
6 23
14 19
1 4
9 11
1 14
16 24
12 15
9 19
4 20
5 8
17 23
9 20
11 18
7 10
3 7
9 23
2 10
2 19
16 21
5 13
4 5
6 15
10 13
7 8
5 10
1 15
6 19
3 5
2 12
16 17
11 19
1 22
7 11
21 22
15 19
12 16
8 19
12 22
2 5
5 23
14 23
14 16
12 23
15 23
9 17
12 20
10 12
18 19
12 18
15 20
9 21
19 24
3 24
16 20
4 12
4 14
7 17
3 17
9 24
15 22
4 15
3 14
4 22
10 19
17 24
14 17
17 19
1 11
9 10
14 18
11 23
16 18
12 24
13 17
13 22
4 7
9 22
3 12
2 8
9 15
14 21
2 15
5 19
4 11
8 13
3 13
14 15
1 19
7 19
10 23
10 14
18 20
5 6
7 16
6 16
11 17
16 23
15 18
7 18
1 8
10 15
11 20
22 24
6 21
11 21
17 21
3 21
14 20
18 24
13 24
1 9
12 17
15 21
5 15
6 9
6 18
23 24
2 3
2 24
9 14
22 23
20 24
8 24
6 22
1 17
8 15
11 12
8 11
13 15
2 17
7 22
6 12
2 7
21 23
13 18
8 10
5 18
4 6
2 20
4 17
16 22
2 11
6 14
3 10
1 3
1 20
1 16
9 16
4 13
2 6
6 13
4 23
6 7
2 18
8 23
17 18
8 12
4 8
5 9
9 18
4 9
21 24
12 21
15 24
3 6
12 14
7 15
4 16
7 20
7 21
13 23
8 14
1 21
8 9
2 21
10 22
18 22
5 12
6 24
8 21
1 2
14 22
15 17
10 16
3 9
10 21
4 19
13 16
1 6
2 22
7 14
5 16
11 15
