24 247
1 14
10 22
9 23
13 23
18 21
6 21
5 7
4 24
3 12
13 16
3 16
5 22
1 17
5 24
1 22
5 15
7 22
2 14
6 15
10 21
12 14
17 21
22 23
1 10
11 24
11 15
18 24
4 15
1 2
23 24
6 8
6 11
14 23
4 10
6 20
1 12
1 24
2 20
4 21
22 24
2 18
13 18
4 14
5 14
2 10
2 23
1 16
10 11
8 11
8 23
3 5
18 22
2 12
12 16
5 10
3 22
6 23
6 24
2 7
3 15
9 19
9 17
6 12
2 13
4 6
8 22
12 19
18 19
11 16
5 21
4 17
2 17
4 19
2 15
7 15
5 16
3 20
7 8
2 24
7 12
2 16
21 23
18 23
9 22
11 19
3 19
11 12
19 24
20 21
6 22
1 13
17 20
9 15
17 23
11 13
8 18
5 19
7 19
19 23
5 12
9 14
6 18
15 18
2 4
3 11
9 21
14 19
4 22
2 19
4 23
8 20
9 13
11 20
1 6
4 11
3 7
3 10
3 14
1 5
8 15
12 15
7 17
10 18
3 4
9 16
8 17
9 10
2 9
15 21
4 12
4 7
13 19
6 16
15 24
1 19
11 18
6 7
1 18
1 11
7 13
3 23
16 17
14 15
17 24
14 16
7 23
12 22
8 10
1 23
12 13
3 6
17 18
15 20
1 20
3 9
9 24
6 17
4 16
12 17
5 18
14 18
7 24
13 24
14 21
5 11
10 23
12 20
7 18
8 16
12 18
10 15
1 21
5 13
12 21
19 20
7 16
7 21
18 20
9 18
4 9
4 5
16 23
13 14
20 22
20 23
13 22
2 21
13 15
14 20
3 17
5 8
1 3
16 22
10 19
7 11
16 18
6 19
4 8
14 22
19 21
1 7
10 17
20 24
4 13
7 10
7 20
6 10
8 9
4 20
3 24
6 9
3 13
5 6
1 8
9 20
3 8
19 22
11 21
2 8
13 20
9 11
15 16
2 11
17 22
1 15
5 17
12 24
15 19
14 24
15 23
11 17
10 12
13 21
10 16
6 14
10 14
21 24
8 21
14 17
16 19
2 5
5 9
9 12
11 23
2 22
8 13
21 22
