24 252
14 19
17 22
4 24
6 12
12 21
14 20
10 24
14 24
12 16
13 22
9 19
22 24
8 22
6 18
4 7
3 5
2 16
3 11
3 15
1 17
8 21
18 21
10 13
2 21
11 23
2 9
10 11
7 22
7 19
13 15
15 19
9 16
4 16
5 6
6 17
1 21
13 20
5 24
22 23
15 21
4 8
6 11
6 9
15 17
2 13
7 20
8 14
6 19
9 10
11 18
20 23
4 17
11 16
1 4
6 23
8 11
3 4
1 13
5 17
4 11
19 22
9 15
9 23
4 5
9 13
5 16
8 9
16 23
4 13
2 22
1 15
10 15
13 21
11 24
5 19
4 19
8 13
3 12
13 24
5 15
13 14
6 7
3 17
3 22
7 24
10 23
13 17
13 16
2 4
10 17
1 5
1 7
11 15
12 18
8 20
3 10
8 10
14 18
12 23
8 18
6 15
23 24
4 12
11 14
7 14
11 20
12 19
11 21
12 20
8 24
8 12
20 22
20 24
2 17
1 12
16 19
14 15
1 9
7 10
13 18
8 16
6 10
7 17
10 22
2 20
14 16
3 18
16 21
5 7
9 21
8 17
5 10
18 20
1 18
3 7
5 12
1 19
5 18
15 16
3 13
9 14
15 23
17 21
10 16
2 15
2 24
3 16
5 11
1 20
4 21
1 2
7 13
4 18
6 14
12 15
14 22
3 9
12 22
21 24
5 21
12 14
6 22
19 23
1 11
1 14
10 14
10 12
9 24
2 10
8 19
2 6
11 19
6 13
11 22
1 10
18 19
9 22
3 23
9 12
2 14
2 19
21 23
15 22
5 9
12 13
14 21
8 15
3 8
3 14
7 15
18 24
4 20
2 11
4 15
5 22
5 13
5 20
18 23
16 17
18 22
3 19
2 3
2 18
8 23
17 19
7 23
11 13
1 6
6 8
2 12
7 21
9 11
5 14
7 18
15 24
12 17
19 21
9 18
1 22
16 24
5 23
12 24
7 8
17 24
6 16
10 20
3 6
9 20
4 22
20 21
1 24
16 18
13 19
1 3
7 9
1 8
17 18
14 23
17 20
4 10
16 20
1 23
4 6
7 16
10 19
6 21
2 23
4 9
6 24
15 20
7 12
3 21
