24 250
3 20
13 19
14 23
2 7
2 11
2 15
8 23
5 18
15 20
18 20
4 23
4 13
2 10
6 21
1 14
5 19
3 15
22 24
21 22
1 8
6 17
10 19
7 10
13 21
7 20
3 4
5 12
19 23
2 23
16 23
5 24
10 13
4 22
2 22
9 16
6 13
11 21
21 24
17 24
7 8
13 17
10 21
4 14
16 17
14 16
11 12
7 9
5 21
3 9
8 13
1 22
12 15
4 8
8 19
6 7
9 10
3 17
5 13
14 24
11 13
12 13
10 22
7 11
7 19
19 20
13 22
3 18
4 18
13 18
15 22
10 15
3 7
6 11
4 6
3 22
2 5
16 22
11 17
15 24
3 10
6 23
5 15
6 24
17 23
15 17
23 24
9 21
13 23
11 22
2 24
1 11
2 18
10 23
13 14
1 3
8 21
9 12
5 23
16 18
4 21
11 14
7 14
8 22
9 18
20 23
7 21
2 4
4 24
4 5
6 15
2 16
11 23
2 14
6 19
4 10
16 21
3 24
1 15
18 22
18 24
20 22
1 7
12 17
9 23
3 21
7 13
18 21
11 15
15 16
4 7
5 14
17 19
12 14
11 19
7 12
16 24
5 17
12 21
13 16
13 24
6 10
12 18
8 18
16 20
1 5
5 20
3 5
2 20
10 11
1 18
13 15
9 20
14 17
1 12
7 17
3 23
4 16
22 23
8 12
9 13
9 19
17 22
8 9
14 20
12 19
10 16
2 17
3 16
14 19
1 2
1 16
7 16
7 24
5 8
2 8
4 12
15 19
8 10
10 14
6 22
1 24
9 17
10 20
2 13
5 6
3 19
6 8
12 16
1 4
3 6
19 22
2 6
1 21
8 14
6 18
9 24
8 24
9 15
12 22
14 18
5 16
11 18
3 14
8 17
12 24
1 23
1 17
5 9
6 9
17 20
17 18
7 22
3 11
2 21
9 14
10 24
4 15
1 9
15 18
2 19
14 15
6 20
5 22
12 20
7 18
7 23
3 13
1 10
12 23
4 20
10 12
15 21
21 23
16 19
8 15
4 19
9 22
5 11
8 16
19 21
4 9
11 24
18 19
8 20
10 17
1 6
14 22
6 12
20 21
11 20
