24 247
11 18
5 14
7 9
4 21
22 24
6 11
4 19
9 20
16 17
7 16
5 6
2 5
9 18
18 23
5 16
14 17
8 16
7 8
15 20
15 18
8 11
6 18
5 23
2 7
6 21
3 13
8 19
8 15
17 23
10 21
4 18
7 18
2 11
4 8
16 20
5 11
12 18
7 13
8 18
4 12
11 17
4 5
11 23
7 10
9 13
2 18
11 21
17 18
14 24
5 20
18 19
1 20
10 22
1 4
13 21
23 24
3 8
7 17
15 19
6 9
8 22
5 17
9 17
1 2
18 20
12 13
3 17
2 16
12 19
7 24
4 24
12 14
8 21
8 24
2 15
2 6
3 20
1 10
10 15
6 20
8 10
5 21
16 24
17 24
2 19
5 22
21 23
6 8
14 18
12 15
4 23
2 14
15 22
12 17
21 22
11 12
7 19
2 24
4 13
9 10
15 21
5 18
5 19
9 16
4 15
3 4
3 16
15 16
6 15
7 12
6 10
14 16
12 23
7 22
5 8
8 9
21 24
19 23
13 16
10 11
8 17
10 12
13 15
7 11
1 17
18 22
14 23
7 14
4 14
15 24
13 22
5 10
9 23
1 21
16 18
12 16
13 17
2 22
10 17
3 9
4 6
2 3
1 22
4 20
8 20
2 13
2 23
14 15
18 24
3 22
12 22
2 10
1 24
3 11
6 7
13 20
10 14
1 14
4 11
3 24
20 23
11 19
10 18
1 3
3 23
1 7
11 14
3 7
9 15
8 12
16 21
2 21
6 22
3 10
3 19
4 10
2 4
13 14
10 23
1 6
1 23
14 19
1 9
19 20
10 24
3 5
16 23
3 21
10 13
11 13
22 23
20 21
9 21
10 16
11 15
7 23
1 8
14 20
8 23
5 7
17 19
3 18
9 22
1 15
6 24
11 24
3 6
1 11
6 13
3 15
13 18
19 21
12 20
4 7
1 5
1 12
18 21
9 19
13 19
10 20
6 23
16 22
5 13
7 21
17 20
13 24
6 19
12 24
5 15
6 17
2 20
14 22
17 22
16 19
9 12
5 12
15 17
6 12
8 14
1 16
9 24
19 22
9 14
5 9
4 16
11 20
2 8
