26 295
10 18
9 17
20 21
1 25
16 25
4 23
21 22
3 23
7 18
6 20
18 19
13 19
8 17
7 11
13 16
11 20
10 20
4 16
1 2
8 15
9 19
18 22
16 19
11 26
3 6
1 22
4 20
9 15
2 7
8 26
2 19
5 20
6 14
7 23
6 12
19 22
3 10
14 15
1 12
14 23
5 24
8 24
17 21
6 10
2 16
12 25
20 23
15 20
2 9
15 23
5 9
2 22
18 20
6 17
1 17
3 18
10 26
6 11
17 23
9 18
11 15
4 7
2 23
10 12
10 15
14 25
7 21
10 21
7 17
5 15
13 26
11 19
2 13
15 21
4 24
6 21
4 9
1 14
11 24
2 4
21 23
16 22
8 14
6 15
2 3
5 7
10 25
13 22
6 22
5 23
14 22
1 10
3 22
4 17
3 16
15 26
10 11
1 3
15 19
12 17
3 20
11 21
2 10
11 25
1 13
20 25
22 26
6 24
5 16
23 25
8 16
10 24
8 20
3 5
19 20
11 14
3 13
17 20
17 25
5 19
3 15
5 22
2 6
4 14
1 26
24 25
4 15
18 25
2 15
20 24
1 16
3 9
12 14
2 25
10 17
11 12
7 15
6 18
10 16
7 9
16 18
19 26
10 19
5 8
17 22
17 19
13 15
3 17
9 12
4 8
5 14
9 10
8 19
16 24
4 12
14 16
4 11
8 21
13 23
9 14
12 26
1 18
11 23
7 16
17 18
18 26
16 21
18 23
6 26
4 22
19 24
7 26
5 17
9 13
1 9
15 18
2 26
4 21
1 23
1 4
13 25
7 12
5 11
19 23
22 24
14 24
7 10
3 4
16 23
14 20
4 26
7 13
3 12
15 24
8 23
1 8
3 21
10 14
7 22
12 16
21 24
10 13
2 5
3 19
13 18
2 18
24 26
3 7
11 22
1 6
15 25
18 21
16 17
2 21
3 8
8 11
9 24
23 26
3 11
11 18
1 19
6 7
8 9
4 5
8 18
1 7
16 20
6 23
21 25
14 19
5 12
5 13
25 26
2 14
3 24
17 24
12 24
13 20
12 19
6 13
13 17
4 6
14 26
19 25
4 13
7 24
7 14
1 20
9 26
2 8
5 25
13 21
7 8
12 23
13 14
18 24
9 21
11 16
1 5
22 23
9 16
12 13
12 20
22 25
6 25
2 24
5 18
3 26
1 21
8 25
11 17
21 26
5 6
5 10
10 22
14 18
4 19
6 8
19 21
4 25
12 22
9 11
12 15
6 9
2 12
17 26
15 16
20 26
7 25
2 20
13 24
9 20
1 11
8 10
15 22
