26 296
13 21
7 25
7 24
3 8
2 16
15 26
22 24
16 19
4 24
11 23
17 18
10 17
24 26
8 14
10 11
11 20
16 20
5 26
6 9
11 25
21 25
18 23
5 13
5 20
4 9
17 22
6 21
11 24
20 23
2 7
1 25
19 24
2 26
2 23
19 23
12 17
18 24
3 5
11 18
9 19
13 15
13 19
6 7
3 6
3 18
2 22
9 14
7 23
11 13
10 20
5 10
2 20
12 23
17 26
5 23
12 18
7 19
6 18
2 18
1 23
21 22
2 15
5 6
17 19
2 13
2 4
2 8
16 17
9 21
17 21
10 21
14 24
3 7
10 22
3 21
12 25
14 22
3 23
7 10
1 17
12 20
6 15
2 6
4 10
8 16
4 15
14 18
4 25
15 19
1 7
4 26
1 3
9 17
22 23
6 16
10 25
17 24
3 16
5 15
5 18
12 15
8 21
9 12
20 26
3 22
5 11
7 9
14 16
3 14
3 20
4 19
13 20
20 21
5 7
5 14
9 22
1 2
4 23
1 24
6 22
1 15
8 9
7 14
8 19
1 20
1 19
3 15
4 22
7 16
15 16
14 21
13 24
2 3
11 15
14 25
10 19
1 10
4 7
8 11
4 21
7 21
15 24
4 17
8 12
9 16
4 5
4 13
8 10
19 21
13 18
6 20
9 10
3 13
2 11
9 25
7 22
6 13
11 14
7 8
15 17
8 15
9 18
2 14
12 16
3 24
3 12
22 26
10 18
2 21
4 20
14 23
7 18
18 20
13 14
2 5
6 17
8 13
1 11
15 25
16 24
3 4
17 25
3 26
15 22
11 19
19 25
6 8
6 19
13 26
16 26
12 14
14 19
16 25
4 11
6 12
6 23
4 12
6 24
14 26
9 13
10 13
1 6
11 22
6 25
11 17
2 17
5 25
19 22
8 23
19 26
2 9
12 24
10 14
5 16
13 23
10 12
13 25
1 4
8 18
16 21
9 15
16 23
6 14
7 15
6 26
10 26
8 17
17 23
5 22
12 19
5 19
15 18
10 15
2 10
3 9
8 24
3 25
4 18
5 17
21 24
1 12
7 11
20 25
10 24
3 11
7 20
1 8
8 25
11 21
2 24
12 22
7 26
5 9
19 20
4 16
1 5
9 23
1 9
22 25
25 26
1 26
24 25
12 13
1 16
1 14
20 22
1 18
3 19
16 18
21 23
4 8
16 22
15 21
20 24
12 21
5 21
12 26
9 26
7 13
21 26
23 24
11 12
15 23
18 25
10 23
14 20
13 17
17 20
8 22
2 12
11 26
11 16
18 26
18 22
9 20
1 13
