26 124
12 13
12 16
15 25
11 26
8 23
10 12
12 24
4 19
3 21
2 7
8 21
8 17
8 13
6 12
23 25
8 22
12 26
8 24
12 22
13 18
3 8
12 18
8 20
12 20
15 26
7 25
24 25
5 18
4 8
1 25
18 21
13 23
12 14
12 21
17 22
10 18
1 14
8 26
4 25
14 20
8 10
17 25
11 12
8 16
12 19
1 12
16 25
9 12
14 23
1 10
13 21
20 25
2 17
7 12
9 25
15 19
10 13
17 24
2 8
6 25
12 25
12 23
8 25
14 18
9 22
5 21
11 15
8 15
10 14
2 16
5 12
3 20
22 25
6 8
10 20
2 25
21 25
2 24
1 8
4 12
9 24
6 11
3 23
14 25
16 24
8 19
2 22
10 25
12 17
5 25
8 11
25 26
5 23
21 23
8 9
8 14
1 21
3 12
16 17
1 18
7 22
5 8
13 25
8 18
11 19
5 10
3 25
7 8
7 17
18 20
1 20
11 25
12 15
7 24
7 16
18 25
2 12
19 26
3 18
19 25
3 13
4 6
1 23
5 14
