26 111
21 24
16 25
5 23
23 25
3 7
8 15
2 21
19 21
5 16
5 8
3 24
15 17
2 19
10 17
10 25
3 11
16 17
1 9
17 25
13 24
3 21
1 13
15 23
10 20
8 21
13 14
8 20
14 26
14 19
3 14
1 11
2 3
8 10
1 21
16 20
14 24
11 26
7 26
17 23
2 13
16 23
14 21
8 25
10 15
19 24
7 11
7 19
10 23
15 20
3 26
13 19
8 9
7 17
11 13
6 12
5 15
9 10
13 26
1 19
8 17
5 10
19 26
20 25
13 21
2 14
24 26
1 26
22 25
11 19
7 21
20 23
1 3
1 24
12 18
8 23
21 26
11 14
1 2
1 17
3 19
2 7
5 25
2 11
9 16
15 16
11 21
9 17
7 24
5 20
15 25
4 22
1 14
10 16
7 13
6 18
9 20
1 7
8 16
12 24
9 15
9 21
3 13
2 24
9 23
5 9
9 25
7 14
11 24
2 26
17 20
5 17
