26 296
9 26
10 18
7 23
15 21
4 21
13 24
2 22
7 24
6 11
1 25
2 3
11 20
3 15
16 20
7 22
1 17
9 13
6 10
7 9
6 24
4 10
15 22
9 19
8 20
2 18
13 25
1 13
8 9
3 14
7 21
16 22
8 13
6 19
7 13
4 5
14 15
5 16
4 16
5 12
3 21
14 19
1 5
8 19
2 13
1 22
22 25
17 24
12 26
5 15
3 16
20 26
21 24
2 14
7 20
8 10
2 10
11 14
4 7
4 12
11 21
7 12
1 18
13 18
11 15
3 10
16 18
4 15
7 26
13 17
2 17
22 23
3 5
2 23
5 22
4 25
12 15
1 26
18 26
5 6
10 20
19 23
15 25
17 25
23 25
6 17
21 26
4 14
7 25
2 11
13 21
8 18
17 18
4 22
24 26
18 24
2 26
5 17
8 26
13 14
13 23
5 7
8 16
16 17
1 21
19 20
1 4
10 24
9 21
2 16
16 21
12 22
10 22
5 9
8 21
25 26
7 18
20 22
9 15
1 24
6 18
14 18
12 16
12 25
5 26
8 22
18 20
2 24
11 23
7 19
13 19
5 21
9 16
13 22
11 13
3 24
7 14
3 18
1 9
10 16
6 15
14 25
11 12
7 8
19 24
18 19
1 8
20 24
17 19
6 16
1 20
9 23
3 9
4 26
19 25
18 21
3 22
10 26
1 11
13 15
14 24
2 6
11 22
15 20
1 15
8 23
14 21
9 20
21 25
6 8
9 12
3 8
4 20
4 19
11 25
6 13
11 17
18 25
2 15
9 17
14 20
15 17
16 24
2 5
5 14
12 14
21 22
23 26
5 20
8 17
2 12
21 23
5 18
20 25
13 26
14 16
2 20
10 21
17 22
12 24
7 15
6 21
1 19
5 19
2 7
12 23
3 12
17 21
17 26
4 6
8 14
7 11
14 22
5 8
13 20
9 24
12 19
3 19
3 4
1 10
20 21
19 22
8 24
4 8
4 17
6 26
5 10
8 15
9 10
7 17
10 13
14 26
4 24
10 23
1 2
10 15
24 25
4 11
6 12
3 11
11 24
9 11
17 20
10 11
1 12
9 18
5 23
19 21
9 22
7 10
2 4
14 23
11 16
5 11
2 25
4 23
10 12
17 23
12 17
10 17
6 14
6 9
6 20
15 18
4 13
3 20
1 16
5 25
15 19
11 26
7 16
19 26
10 19
15 24
16 23
3 17
22 24
5 24
13 16
18 23
16 25
3 13
2 9
9 25
10 14
8 25
1 7
14 17
15 23
16 26
4 18
16 19
12 18
8 12
6 22
1 23
23 24
