26 286
19 26
10 13
16 17
9 23
3 18
10 20
6 9
14 25
5 19
9 16
14 15
11 24
12 25
13 26
2 5
8 10
20 25
14 20
18 24
11 14
4 12
6 20
6 10
13 17
2 8
23 26
4 22
10 24
8 17
4 24
1 5
17 19
7 25
12 13
7 11
21 23
1 9
9 18
5 17
11 26
1 23
16 26
5 25
1 10
6 18
6 8
4 14
17 22
9 10
17 21
9 25
2 20
8 26
5 12
1 12
7 17
14 18
7 13
3 10
7 9
21 25
8 9
15 23
17 18
9 17
2 6
4 10
4 6
13 25
13 22
6 13
24 25
2 16
3 6
3 21
13 20
3 25
1 6
12 22
4 16
7 24
1 13
11 12
9 13
16 25
9 21
3 22
10 16
10 26
5 22
3 26
21 22
15 25
22 26
6 7
11 17
3 4
6 23
9 22
5 11
15 24
5 15
18 23
12 15
22 23
10 14
6 25
2 7
14 26
22 24
17 26
2 23
14 21
1 7
21 26
4 8
5 13
24 26
18 20
1 20
11 23
2 18
16 24
12 24
2 4
4 17
19 23
18 26
15 16
8 18
3 19
14 22
4 7
14 24
14 19
4 19
5 23
2 13
8 19
12 19
2 11
7 19
4 26
15 26
5 21
1 16
18 22
3 15
15 21
12 20
1 18
3 24
7 15
5 14
1 25
20 24
10 22
10 23
9 12
11 13
3 7
3 5
19 20
10 18
4 15
9 20
13 14
10 15
9 15
12 18
7 18
13 18
2 14
19 22
8 24
14 23
6 11
13 23
7 26
6 14
15 17
8 11
23 24
4 21
11 16
3 14
11 18
1 26
22 25
6 26
16 19
5 9
5 16
1 14
8 13
1 19
2 17
8 14
2 21
9 24
1 21
11 21
2 19
20 23
7 16
1 8
1 24
6 22
3 12
23 25
16 20
2 10
11 19
20 26
13 16
3 17
7 22
8 12
12 21
3 13
17 23
18 21
2 15
1 22
4 25
12 14
2 3
1 17
9 26
8 25
12 23
7 8
5 7
5 10
5 6
3 11
9 19
13 24
7 10
17 25
16 21
2 25
4 9
4 13
10 21
2 24
4 5
6 24
7 12
10 19
3 8
20 21
8 20
6 19
6 15
3 23
15 19
6 21
4 11
15 22
10 11
20 22
1 11
4 18
9 14
16 22
5 8
17 24
16 18
5 20
8 16
1 15
19 25
12 16
17 20
2 26
8 23
7 21
15 18
2 12
15 20
19 21
3 16
11 25
11 20
12 17
