5874 60
11 73 93 97 65 14835 51 92 18 4 1 32 74 64 37 29 100 89 23 92 60 28340 15 92 1 6 55 80 18 21 57 92 66 19 65 10 22240 15 29 16941 23243 60 7 98 63 59 29 89 22 65 69 73 5 91 28489 16 65 5 8 17
63 14 32643 48 80 34 4 71 51 23 34031 87 61 89 15 72 47 13 35 6 93 75 79 31842 58 43 4 14 86 19 78 90 33592 78 47 26561 4 91 94 83 20353 76 50 6 27 24 92 87 12 27881 59 58 11 71 44 68 15 70 98 72
13 1 86 98 72 15 39 49 28123 61 43 40 7 77 15 56 34 93 31 26 79 42 84 89 4 6 84 71 20 54 69 44 18 21 81 67 92 47 5 41 60 15381 99 80 66 28 46 32441 30002 73 61 39 3 38 69 96 73 57 100 78
24211 93 70 50 98 90 45 15 11 25 81 2 23 13777 37 42 82 88 73 47 15 19 71 27 57 73 65 25 69 37 34 20 67 26 89 16 23 31 34478 12 89 41 36 21 94 58 9 36 40 96 60 38 62 78 21181 9 89 34 33 5
11 1 41 44 20 59 21 61 74 95 15154 91 37 83 83 72 34891 55 76 82 63 63 73 11 75 62 72 52 22 12 38 55 68 48 55 9 43 27 67 63 87 93 57 29 29396 29 91 63 53 20193 18946 45 90 86 59 5 10 69 79 32835
71 93 30 93 56 19 47 24 66 53 84 60 79 2 22 34892 18578 17 46 78 31335 97 75 20 59 79 64 49 16 23 53 25 43 83 47 35 12 91 91 31 89 66 48 42 49 8 72 50 81 41 96 11 37 22 21567 30 21664 48 52 46
96 67 68 100 43 62 82 41 97 45 32 24431 39 27 72 4 27 65 52 86 37 53 66 29 48 76 17 21 6 64 72 3 59 90 22 12322 10 84 83 43 25 31 88 56 69 66 79 24 92 44 27 77 32 80 43 60 30616 79 70 76
100 12429 27 40 23 29 50 65 50 12 48 33 54 72 63 93 79 84 59 58 7 50 1 34 79 32 65 73 43 43 42 18 94 69 9 69 97 59 33 99 22 80 32823 31 75 4 45 68 82 28 78 39 87 79 91 72 57 74 36 29
16 30 23 86 76 91 94 44 39 4 28 37 25 59 19 52 28014 62 16 19 96 95 48 86 81 26 14975 77 4 35 29420 50 39 63 18 26361 21 37 3 96 29787 27 96 91 18 100 18289 22757 70 6 76 28 25 27 90 92 97 37 86 44
22 19 22 98 22 56 100 13 70 26425 17 33 7 19 80 85 66 70 2 17 39 8 93 66 84 71 7 75 68 95 12 63 17 30 21921 84 14 4 39 65 16 9 81 100 15 51 79 19954 51 17 48 53 33 38 12 77 55 95 48 14
21 67 8 32 29 24 14 13 90 69 3 24942 54 36 11 87 35 77 37 65 80 5 12 32 38 1 95 66 55 89 65 20 61 83 28 44 12 3 9 76 92 77 78 98 34383 12 25742 41 84 98 69 20 62 48 25 25 31 14 25 25
31 32 65 48 51 77 30 30 21 41 85 29 68 76 6 98 25 69 38 8 67 58 80 28 58 56 53 40 21 77 17 3 60 81 50 63 58 80 92 30 72 76 58 40 4 63 89 80 84 24175 78 88 50 35 19 77 44 24079 26 29
84 46 58 52 100 17 32 50 79 41 81 23 22 4 50 80 43 5 94 83 85 29147 77 60 24 26 47 94 3 90 19 83 25 16 40 76 15 9 60 16 27581 87 52 48 61 74 52 63 53 46 67 18230 98 29 3 75 88 26 52 34
71 6 76 89 89 14095 100 56 80 28 23 34778 88 39 38 27 90 86 39 15 89 1 15821 19 34 68 13742 17 62 70 43 50 48 46 35 18 52 10 59 92 10 66 71 89 88 18111 11 27 78 15671 37 68 15 75 83 27320 3 28 1 36
95 69 98 16 11 99 15 57 33 85 60 95 43 51 4 60 73 44 31786 48 83 70 25 71 37 39 98 19 93 25 72 28 71 40 77 38 3 27 53 11 60 37 22 54 31 72 9 90 96 4 89 31 73 13 1 61 3 50 32 95
26 3 23 48 94 51 86 48 78 38 58 89 26 31 94 8 2 54 49 28353 50 57 38 80 29 2 32 89 5 82 20 27894 99 59 74 73 7 20 24 92 67 53 81 77 41 58 7 27157 86 17 61 39 65 10 95 2 89 23 32793 56
20 63 60 53 35 10 12 60 83 70 25472 79 58 13 98 62 45 74 54 54 32 39 70 23687 92 77 34 1 71 88 12523 41 45 43 13 59 54 65 93 63 28 5 97 49 35 6 61 32 67 57 5 72 10 89 10 79 80 86 65 33
56 4 25 23407 52 98 18563 37 11 51 54 55 65 33 59 14 82 46 19 94 77 38 51 34 9 60 22 19 91 53 56 55 85 64 10 62 15 7 98 77 9 3 32 73 88 42 38 21 34321 87 57 14 16 46 16 49 6 28 22 76
18 74 32 24 11 95 33 72 61 91 21 38 99 76 69 23 63 62 61 83 1 69 48 16 14 64 16 71 43 29947 37 47 12 29572 10 78 35 20 24 19 43 84 9 64 21 59 39 41 81 53 3 93 35 55 61 34 29261 70 26 49
85 97 91 21 43 2 82 72 88 2 95 6 96 78 66 59 51 24 49 91 57 1 45 1 87 99 14 21 20 39 69 4 87 12 76 81 13 58 52 53 11 98 58 6 28 76 17 78 51 17 20 59 18 17 60 56 15 73 28 87
63 97 42 50 60 18 82 16624 24 27 34 76 89 83 14281 86 46 10 61 14 39 63 31 11 22 100 27 81 55 93 53 83 79 15 31 21 16 90 38 98 13 16 83 41 4 17 26 1 79 38 15 17 100 45 79 21 44 5 53 50
98 57 32 76 72 14 96 39 3 85 88 68 52 70 60 7 39 85 8 17 74 74 85 25 70 64 98 65 68 50 14 17 7 98 93 30 18959 11 40 68 66 77 8 85 80 29 44 87 67 80 46 83 5 19 68 29 88 31 26 52
50 76 17 67 34 14 11 19522 63 77 32034 50 82 42 78 89 78 58 18 73 96 84 52 41 19 56 11 86 35145 36 50 68 14 1 17 31853 41 69 35 74 83 45 36 11 47 69 4 24 58 81 29696 33 27 53 28 10 56 20 28 63
30 65 98 79 32 11 31 1 51 100 35 76 34 80 27482 63 96 26 32 99 49 89 31 34 15 83 61 76 18598 90 81 56 52 62 20 1 93 52 64 23 4 66 74 38 42 59 17 4 54 94 35 52 43 32042 75 82 30775 28 41 16
88 17 5 20 24 8 34 43 9 26 46 72 100 49 37 74 87 78 84 55 34 90 49 68 41 43 95 75 70 35 42 9 3 99 81 26 6 66 69 66 91 66 37 90 15 26 15 53 55 51 59 88 40 7 8 32 1 2 58 22
36 100 31 26430 14300 39 50 63 64 55 28 84 73 70 50 61 59 16 86 26 20 93 76 78 13642 80 67 37 39 98 37 92 56 59 28 7 41 18 56 55 33 62 82 69 34 30353 3 29871 18 95 61 85 32 13943 27221 38 4 24 65 81
26280 56 31 17 94 81 6 86 36 16 65 94 56 34 49 62 66 62 95 34 96 97 3 42 29352 9 87 24770 73 47 90 97 63 23 4 16507 46 91 49 17794 26 96 34 13 11 50 6 29304 18 83 6 79 1 67 73 86 62 21 41 55
30 79 28 28 69 28166 76 90 43 79 35 33 27 60 29 13 72 91 14 29 61 49 34 24608 39 1 1 64 86 14 84 78 69 65 57 48 92 25 23 82 19 53 16 51 31 28 32141 31 95 51 74 9 80 22868 34 57 65 24 57 65
87 94 31 23 72 99 87 22695 28 98 79 4 72 12 22 24 79 24 6 58 55 1 9 28 9 40 26157 61 65 4 84 73 21 23 66 51 97 89 49 31503 35 28987 16 98 65 71 69 76 44 44 7 68 49 64 74 49 24 53 9 63
13 25 19 48 97 39 22 15 89 70 3 89 5 71 86 21 93 6 97 37 49 55 4 97 13631 18 77 98 94 29 6 8 93 31 26 92 79 16 66 93 4 35 48 44 91 70 81 12 15781 62 86 60 98 34 14 53 83 83 81 32
76 61 89 36 53 25776 19 61 97 98 77 14 42 32 100 89 76 91 10 13532 8 54 72 94 65 69 79 16149 30 20227 22 13 12 2 44 40 15 33 75 19 3 87 15 52 15 80 94 99 33025 80 34 74 22 22998 96 81 27 67 26 91
35 5 20 8 69 20785 83 62 13 74 76 97 100 94 51 87 61 3 53 92 48 51 71 33 76 44 28555 28 9 70 94 34 12 81 90 83 40 59 66 53 71 39 80 19 91 26 69 29 38 23 81 29 70 84 52 55 59 95 82 67
17 28 53 28 60 42 63 99 100 28 4 22 18 83 92 8 8 61 88 17944 45 83 69 26 27096 5 52 77 59 62 71 92 81 34208 39 19 33 19 78 74 81 29 74 60 84 47 77 66 39 37 26 51 76 22 85 44 13052 47 89 47
23 99 61 46 91 25482 41 84 9 73 54 39 46 34 19 71 93 2 70 22 67 8 10 44 10 85 18 94 12907 81 64 35 79 32284 39 33 39 36 23 79 71 84 3 25 22 1 58 40 71 3 41 92 76 59 16518 51 85 3 60 21
20 6 1 35 40 32 25 72 70 12 95 1 34270 83 78 3 59 51 3 68 90 25569 26 70 82 69 97 40 20 81 94 31 2 65 21276 36 54 20579 52 75 85 28 19629 47 7 40 93 7 74 22 61 32 72 16 51 13 93 73 94 61
69 85 32 50 31 63 3 95 98 8 98 73 93 26 17957 71 51 17 63 57 90 36 69 73 7 13702 36 75 71 28 47 64 41 16 100 72 17 30 34 71 77 32 20285 78 74 56 22 51 26 72 67 40 80 8 75 49 32 33 84 7
3 64 53 66 4 20 17 27 36 47 61 58 75 44 36 48 99 9 51 24 81 17 15 60 77 32837 89 60 8 21 96 14 75 59 19 92 24649 14 38 8 34693 29095 40 18391 26 6 52 16840 83 80 95 70 80 93 79 30 68 59 98 34
33127 70 74 74 30 82 46 25 47 20 35 65 11 100 3 19 91 28 24 43 10 4 89 32 35 34 10 64 1 68 61 87 37 87 60 18 68 6 94 66 25 80 31 36 79 85 6 22 64 29 64 25 84 4 56 18 37 65 33 38
84 94 76 21 32 35 90 51 40 12683 36 18623 16 65 15 98 52 46 14031 82 57 67 45 37 82 70 73 85 25 90 74 42 23 63 25 68 38 97 99 24921 72 87 49 12 22 16 28 88 14 31 33 95 87 51 92 23 32 13 16403 95
69 37 37 42 30 11 4 55 30 41 51 80 64 37 28 29041 27 33957 10 95 54 98 8 84 82 55 22 33 46 97 16 58 43 36 46 79 13473 29 76 35236 41 32 30 70 24 32 1 40 21 28 66 30 75 72 79 82 55 61 29568 36
29 16197 93 33 25 60 16803 90 67 96 88 98 24 63 90 8 44 12 83 19806 75 12 22 95 92 88 77 66 59 55 47 65 15 35 93 59 67 69 17355 19 9 13842 88 14 96 85 89 10 74 96 5 37 79 28335 79 49 52 26 40 39
2 5 20140 49 8 51 66 75 37 10 33 4 79 3 12 66 68 59 2 57 68 27 52 72 64 82 2 12 34 79 51 72 80 55 73 88 57 38 14 94 99 27663 46 49 77 49 18126 12 94 28970 16 70 95 72 89 22 76 12 37 57
65 48 90 44 50 14 75 56 86 14 12 75 27 57 15807 24335 73 73 5 2 73 68 95 40 89 42 64 29 15 91 92 30923 51 47 57 50 89 52 28103 99 2 26 54 39 92 17 21927 65 18 74 89 42 30 24087 90 66 98 37 58 38
78 21 67 92 11 31311 15777 58 94 9 66 34490 43 12906 97 17 93 50 95 46 40 86 62 56 55 87 45 97 69 86 62 18 74 19 55 3 17420 91 21 11928 46 53 23540 31 39 23462 14 48 33 62 65 25 64 11 70 3 48 84 59 2
22 55 50 90 40 64 7 28860 66 34 62 68 25 34 14 29 16 52 31954 42 64 85 4 80 9 19 42 31 17258 21 31333 89 66 31 42 87 85 92 77 77 55 35 42 33679 88 48 9 64 82 74 45 49 26 86 12 62 41 91 22 59
32 4 32 72 69 62 14 8 99 57 84 75 11 70 68 21009 50 18 76 66 25656 51 50 10 99 27 47 11 40 40 53 13 98 37 17 81 8 37 43 73 44 41 29 27 67 14631 91 49 34 93 66 61 26063 58 16 62 13977 19 14 88
65 76 79 4 81 92 54 17 8 86 76 44 28 49 40 20 29 66 86 20 14 71 12 31 32 21 46 93 39 12 33 55 87 63 11 67 54 16 23997 35 13 1 11 9 81 11 48 100 39 65 38 58 31 60 21 61 91 41 59 36
31 70 68 38 8 30 100 27 36 15 31917 61 48 67 71 8 47 81 55 99 20 20 88 29 2 47 50 62 38 42 72 73 25 41 92 62 1 73 61 27 8 27 30563 87 8 93 10 67 40 42 22 90 13 93 77 42 12652 94 23 43
7 60 84 79 84 60 28095 71 13445 27 21 71 100 33 49 59 59 36 18 4 97 85 95 29873 38 58 84 3 50 12 96 95 34 38 53 46 73 83 29 12417 33 54 8 5 76 59 38 25 17 48 12 87 3 26031 60 23 29311 97 49 80
32 51 81 43 46 28771 75 77 35 79 16473 22 8 21914 62 2 92 28597 15 61 96 42 19 85 18 36 33 29 74 87 88 96 84 37 27 67 39 7 10 85 33 38 71 11 11 78 72 64 69 38 25 17 80 43 1 97 30 85 78 3
72 17 50 55 5 76 73 44 34 34 80 66 24261 71 50 77 33 80 48 97 21159 100 86 73 16 17 15 17 65 97 1 42 51 29755 24 59 53 30 15 28 3 10 62 36 89 27 59 91 55 91 70 3 39 21 40 11 37 56 78 29932
5 25098 18050 20 26 57 14 76 21910 81 24 28 10 38 8 12 48 21 100 18713 88 99 58 14760 78 54 48 99 8 27419 39 72 47 49 8 54 78 64 14801 25 3 72 90 31 16954 52 13 10 14 3 16944 69 77 2 89 32469 76 41 40 85
71 93 33 21 23596 52 71 92 50 71 51 3 1 14 79 3 31258 86 69 85 34697 89 33 95 54 87 63 31 40 4 58 81 43 43 51 87 27 71 38 49 63 87 12348 31690 19 65 41 71 30016 79 71 74 16 91 10 56 24 56 10 62
19 40 17011 2 74 49 82 16 91 84 2 17 6 91 17 68 77 88 33 69 58 63 39 83 30 30 93 85 5 48 94 18 18 85 19 91 34 52 6 76 35 59 45 41 24540 49 61 60 77 48 44 11976 97 6 58 88 88 87 69 32
72 73 15399 80 17 42 97 54 61 40 39 64 45 14 51 56 10 43 56 23 54 33 70 50 81 27 7 68 67 94 36 50 17 60 29 85 2 78 38 14 69 76 29 65 90 79 28968 20 51 21 76 73 27 60 95 76 92 21 82 60
39 27 47 89 95 7 69 30018 80 60 98 17 25 66 32961 45 53 83 86 32 2 36 4 29 9 26254 30 40 3 57 32 75 39 43 66 34742 17 89 6 12 47 26 91 6 24 59 82 41 3 23390 35 23 88 18 77 24 21 5 84 3
97 38 59 28 12 49 70 29 66 58 34 29 57 60 19 62 35 29 96 75 32 30 50 19607 71 47 26 94 19 82 29 21 78 66 32 57 78 80 26 58 97 36 92 25 92 51 95 5 85 23758 24 100 11 7 81 60 77 13064 27 37
23 46 71 14117 22206 51 18 100 17 49 57 46 81 34 3 77 21 94 54 12 96 26413 48 24178 69 32 23 20 43 29 1 54 6 27 43 80 24 13 30 42 64 46 90 20 43 70 6 98 99 26 91 4 90 39 3 58 70 26 32367 77
64 6 29 18 11 56 60 42 79 24 72 72 87 69 13642 62 59 27189 12 28301 20454 83 64 9 33 41 51 36 30 41 39 87 11 16 16 74 21 44 43 84 51 2 25 82 77 96 53 64 17 66 12658 74 28 49 37 88 33496 33 77 90
69 59 31 17678 59 45 93 74 12 18 94 8 61 77 10 14 54 43 91 49 96 6 65 13 24505 31 44 61 19 83 94 47 25 14 5 55 72 2 99 97 65 16 90 72 33270 28 19 34 20891 94 28864 29715 72 76 36 72 71 93 89 36
