999999 10
2000000000 2000000000 2000000000 2000000000 2000000000 2000000000 2000000000 2000000000 2000000000 2000000000
2000000000 2000000000 2000000000 2000000000 2000000000 2000000000 2000000000 2000000000 2000000000 2000000000
2000000000 2000000000 2000000000 2000000000 2000000000 2000000000 2000000000 2000000000 2000000000 2000000000
2000000000 2000000000 2000000000 2000000000 2000000000 2000000000 2000000000 2000000000 2000000000 2000000000
2000000000 2000000000 2000000000 2000000000 2000000000 2000000000 2000000000 2000000000 2000000000 2000000000
2000000000 2000000000 2000000000 2000000000 2000000000 1 1 2000000000 2000000000 2000000000
2000000000 2000000000 2000000000 2000000000 2000000000 1 1 2000000000 2000000000 2000000000
2000000000 2000000000 2000000000 2000000000 2000000000 2000000000 2000000000 2000000000 2000000000 2000000000
2000000000 2000000000 2000000000 2000000000 2000000000 2000000000 2000000000 2000000000 2000000000 2000000000
2000000000 2000000000 2000000000 2000000000 2000000000 2000000000 2000000000 2000000000 2000000000 2000000000
