99 15
38766
574146
303339
651031
583759
925240
593771
22901
627804
727830
625203
510782
903776
107838
800795
359809
121270
691575
362052
697699
630818
814501
525541
870440
509343
499814
272205
172100
612099
808524
478983
650864
896874
296526
816099
994838
221767
409871
17739
363775
137701
157146
388761
555681
779188
703760
429695
900457
395335
305951
112361
26153
634656
152106
410798
658203
166124
683002
830302
778222
5731
823489
429087
902605
120016
245186
897443
855986
169261
429386
733965
821165
586532
636931
376847
879924
340691
320746
294586
736026
140901
406946
276383
775556
73256
687180
433759
239379
884386
778265
17602
890117
601755
960892
792722
235975
720282
204370
606165
