10000 5000
1711
1138
848
1113
947
1541
140
607
1085
1948
269
1595
1683
766
1831
1374
1308
1955
890
347
996
163
1475
487
1375
568
1743
604
1930
1537
1291
1992
1026
139
1104
1972
31
1595
579
1116
1894
1199
1062
1928
1964
1244
1302
1623
1198
191
1969
194
705
1796
680
79
363
775
683
644
663
1973
987
1688
463
442
12
494
389
942
1961
282
140
1374
562
455
618
1863
430
167
405
398
712
1461
545
1744
1540
1259
518
574
254
1532
898
1240
1219
1361
1682
1582
206
422
523
518
703
662
243
1616
1469
1212
1830
1898
1379
234
647
90
1695
1544
185
1586
802
702
511
1408
233
1408
999
1804
1120
680
1385
1677
1101
260
546
156
1273
789
123
741
2000
1953
638
1730
538
1637
172
584
1180
356
169
333
1410
1031
1740
1994
439
739
1797
1910
1770
1534
1587
1223
145
132
1730
1417
1272
1852
158
1624
1804
1147
1353
694
783
1876
1277
1962
232
1798
295
1993
828
386
1986
1266
1124
1783
1528
894
1668
1114
468
1812
1597
197
1580
869
48
1737
492
204
884
196
897
18
72
525
1980
655
322
626
647
1150
1011
632
767
487
766
294
1732
785
1759
199
596
1356
395
176
576
794
264
1067
1349
1499
1262
245
1517
1685
770
1848
339
1443
825
985
592
187
1969
1711
673
734
4
404
1519
115
954
466
1822
1348
993
397
494
1257
1815
1842
1107
1076
439
623
1113
1560
822
1451
1002
1646
788
1946
1833
756
1656
857
1489
11
1261
1359
125
214
1825
1946
1914
817
342
407
425
156
600
1532
1584
1038
506
1048
597
1328
498
1599
1325
1637
1544
1509
392
1199
366
233
1209
1978
1591
1686
543
1767
1631
456
584
325
1214
1360
832
1814
891
767
1203
1749
1814
1800
1076
312
1750
752
300
1293
261
692
843
978
924
403
955
866
88
1497
633
71
305
1568
395
1870
927
1578
35
170
345
1238
1918
158
1037
1345
821
786
448
1121
430
708
1812
1624
1685
1087
26
991
304
466
488
936
536
1144
855
1282
1013
134
859
1400
303
1203
637
572
1713
25
268
533
810
715
1653
1591
1423
1816
1214
1459
1254
1591
450
1558
56
1289
845
943
432
1700
224
1796
1833
1435
1195
487
989
183
1058
701
207
1325
1586
1368
39
1238
958
1813
1054
523
1624
307
114
73
216
169
1361
1061
1112
144
1112
1687
291
944
1473
1838
1782
462
20
1191
1514
579
515
1099
1946
905
689
1256
1070
1742
1778
693
400
243
1117
968
764
477
28
227
972
1491
1913
1262
786
1738
1099
567
551
1471
1757
64
49
623
1515
1994
1879
203
1601
948
296
1731
1992
1047
1973
1108
14
736
1936
393
962
907
1883
1227
169
668
1316
1619
1586
1866
1089
1342
281
1137
1964
1795
1483
1843
349
1435
1142
644
1165
1134
43
1490
241
56
577
529
801
1539
1435
683
1117
1955
1703
432
1574
1288
297
1014
982
929
151
1297
724
1985
1491
1072
1419
633
68
584
118
110
425
710
517
1001
1238
1317
539
1025
352
7
979
406
790
904
45
1438
1918
1026
367
420
675
1442
404
165
513
174
1149
932
1109
1618
1041
1533
680
1910
534
1917
1578
1424
1293
1929
1431
272
686
220
1527
731
10
1796
108
376
215
1134
1817
970
1299
681
1496
799
1613
604
769
1005
137
1448
1266
670
1716
844
93
1009
1124
1875
1632
1810
447
1158
892
456
954
999
1183
1520
485
999
842
1783
31
337
933
1643
1292
1701
1000
1428
1500
265
449
1216
1108
894
224
584
768
1855
393
1566
1364
1284
21
669
634
1203
541
1118
553
1382
1252
584
70
537
578
1713
589
1577
1493
89
194
1941
1304
1653
834
1879
236
1954
1733
980
1871
1448
263
244
117
1249
1446
657
718
351
390
1970
1286
811
858
1863
523
1446
1792
15
1534
337
308
1189
1989
1493
1067
577
1798
1151
1556
1669
599
171
1912
1067
1419
1709
75
136
59
464
457
1344
1626
1666
1559
148
1112
1350
515
997
1686
822
186
1674
314
1604
602
112
1107
158
132
57
328
43
1123
98
1751
1197
585
162
12
1394
1505
1637
1059
1063
136
522
764
1002
1519
449
1823
56
475
489
11
1076
952
1117
1585
1083
1173
1912
1477
647
9
1227
195
594
1388
558
1987
1245
194
1397
659
682
1919
1423
1683
1789
223
1858
1844
1049
346
1854
477
1649
1323
61
1083
847
1973
559
1494
333
1785
1688
1278
1525
246
1616
1121
791
1013
131
1824
1283
1905
1507
1071
128
1716
914
1528
413
1119
4
61
793
65
1495
1640
389
53
1133
1073
189
1172
351
65
1769
1966
1185
560
1330
1668
735
612
1572
593
1682
1699
308
947
1227
720
418
1582
1132
1210
1646
626
1201
386
1030
333
1459
1219
1857
1809
1283
1625
126
820
536
1808
487
1271
419
58
1863
453
109
523
1399
1687
1594
168
1268
726
1730
1266
1703
930
1651
1085
1263
1461
303
1471
1269
1937
1095
1747
1108
1631
1554
1946
1253
324
356
1115
776
816
1989
527
502
1583
1046
121
660
775
1738
362
1705
1741
1798
1319
1201
100
789
822
389
235
568
1848
217
473
1794
1469
796
149
936
1924
1316
924
802
1817
506
1847
289
1165
622
27
1879
326
119
1676
1996
1319
128
784
140
868
1018
1059
715
1235
1883
860
1055
679
1360
1990
954
675
914
107
843
1771
1953
1132
1288
926
1510
1166
1603
1628
1193
1598
1298
1320
381
1790
187
1751
1200
1254
1337
1083
113
391
113
1825
381
1418
499
1646
1524
1342
1416
1476
825
703
402
334
220
356
313
1413
1954
1962
732
686
103
1271
436
1303
876
1772
385
1340
163
497
1164
895
1914
1663
540
1437
1356
307
1264
180
1362
17
865
1581
373
1529
993
678
1490
77
1363
1593
1699
151
895
574
274
1631
265
436
479
1429
1682
744
1091
573
532
446
880
1795
977
593
164
1841
173
888
1369
1518
1565
858
1946
927
802
1644
1077
48
569
1351
1678
1185
138
156
613
172
899
55
744
1430
852
1975
1577
1828
567
1740
1668
1092
627
1388
609
543
598
554
1469
1399
549
898
1799
1469
600
1476
653
1089
1984
1618
1260
1234
1672
356
664
524
330
592
703
1249
683
371
340
1661
110
948
203
707
1853
23
458
753
920
256
573
1871
1731
1225
1312
66
1194
571
1300
866
1278
315
1741
1608
906
443
856
1940
1165
1547
1600
1275
494
1802
1981
698
176
790
1450
1448
1045
374
1318
776
1950
629
1193
1144
1552
492
9
829
806
101
788
63
543
1995
2
1708
1541
1601
1334
386
1754
1666
1083
1930
456
884
1729
1500
1257
1046
627
1207
27
1820
350
1930
311
710
758
1469
810
1546
1531
1352
1540
1533
1411
1433
1485
744
1818
1591
762
901
1872
1217
136
1600
1068
1393
645
1695
951
1023
1866
1300
952
176
361
1710
1996
1170
1607
1527
873
1498
1411
636
930
1247
1731
748
837
492
2000
708
1708
135
307
776
1879
1304
822
829
678
687
128
1630
1214
840
1691
1210
9
1649
1088
1234
1146
850
1869
428
96
1951
1527
933
443
1526
1992
502
12
651
1629
1891
1954
802
719
631
1488
1199
612
1054
38
302
615
399
1950
54
1984
1448
903
1852
1875
998
154
1753
282
596
1278
626
1450
1289
1276
1430
1531
1581
232
250
211
71
1800
1175
1124
189
1476
1738
587
1778
1791
570
1225
1045
773
1451
395
927
1203
676
1874
832
1653
1675
472
928
1105
3
508
1336
604
1071
1406
403
245
882
591
72
619
1530
1849
762
451
1425
1806
1576
1227
552
854
781
1580
727
1964
1232
754
436
160
1858
790
1019
1193
1393
441
950
147
685
1831
1089
1109
802
618
1309
1915
1421
1086
1720
996
312
624
1849
1445
203
927
1408
1434
1680
1843
1945
1889
632
1316
1433
376
1756
383
522
793
565
1611
1901
1366
580
1209
1280
352
294
1352
1347
958
1975
1547
402
177
826
161
1962
857
356
1907
746
987
1574
530
1715
1329
1264
236
121
1829
198
373
1546
778
1934
826
1481
579
529
1180
1888
855
1078
641
1383
1903
802
1344
1112
1157
1602
209
495
1175
738
209
856
2
445
1328
1830
994
1701
1727
123
1634
552
1604
564
1432
783
452
638
1860
1092
20
115
1893
1716
1226
1401
1669
1786
1896
1196
523
104
51
876
900
1378
705
1894
1430
432
16
1415
1335
1619
1979
1119
753
782
1756
613
1873
128
1079
118
1843
304
1518
1863
89
1413
1058
963
1869
1460
1839
768
838
895
1013
267
1678
1029
34
1365
999
12
483
1752
793
590
716
1017
717
1794
1134
911
449
652
774
889
416
183
1851
284
1643
1689
1404
832
936
416
1450
613
1796
1483
1977
795
1494
811
898
638
1401
1965
7
117
110
1140
1380
558
143
153
1446
559
335
1648
842
1977
1689
597
808
624
1013
258
1588
808
92
1565
1954
1938
375
1203
575
1775
1167
933
244
1276
73
1623
185
215
127
1982
1125
813
1630
319
1142
1670
915
301
645
1927
910
232
1087
1002
1796
1392
939
523
595
1865
649
113
798
1244
1741
870
866
1925
1436
1344
259
561
157
240
879
1298
1909
1793
1598
553
72
508
784
1510
1509
932
901
799
1806
1847
663
454
1960
1460
1698
52
681
915
1976
469
259
586
1029
415
825
259
1712
733
403
1661
1637
474
168
773
335
28
1704
1236
826
1509
1082
1841
314
1393
1652
11
1444
333
926
1772
1153
1536
357
533
1950
1534
791
13
266
1193
25
255
19
193
1027
353
572
730
1940
1750
590
1374
1590
903
766
1241
1266
562
1925
191
333
1077
1726
1041
1961
27
574
751
391
1192
296
415
1446
666
959
472
1370
1883
1553
1310
1632
142
683
1221
1396
1800
813
661
361
1090
1203
693
518
1280
86
479
1306
659
1581
48
1850
1876
463
1295
893
1773
1766
263
1655
1670
1924
1286
1811
606
858
1559
405
23
219
1118
1112
1774
162
1629
1053
247
107
711
906
40
758
1107
1915
1572
402
808
1345
519
1422
999
189
1345
637
351
302
1494
261
1058
1516
832
175
979
605
337
608
1657
583
1066
719
1840
1105
1829
947
1372
1400
1700
531
1096
218
1952
447
758
1296
1083
1461
1597
928
1721
1006
796
552
1181
1774
1508
1517
381
1165
451
1799
235
291
903
63
1237
626
1815
1288
1156
1262
1505
1107
1708
615
754
1142
427
702
70
147
1708
865
1051
888
638
558
756
1371
74
1558
1169
661
1848
423
723
1436
1049
889
723
556
151
580
1663
210
1546
768
1352
1972
1470
1421
470
1529
637
1520
768
1626
430
1523
996
855
1432
516
1515
1632
1291
590
1419
691
1478
142
1246
1980
1073
1260
190
618
28
1541
941
1497
1313
1410
1377
1949
1282
144
1926
63
18
1274
917
1449
1789
432
1080
1431
1021
499
121
850
992
1719
830
416
978
1019
1385
1005
911
677
853
223
86
229
523
1719
372
448
1781
741
1721
1050
190
1862
1833
1621
1292
1205
471
1765
54
1814
1483
883
581
460
253
1965
1817
1163
641
669
1737
1079
1250
259
1149
1973
707
930
714
779
331
903
640
163
875
284
1367
1346
400
1772
1511
234
1007
92
1045
1259
56
861
774
1049
1530
510
479
1131
769
1627
1103
1827
908
1816
957
1238
1070
1949
1752
1945
584
1470
1642
983
1242
1152
1568
248
1243
612
1858
1651
1473
631
1051
1354
1493
1529
484
613
1155
1586
791
63
1402
1747
1652
823
1695
1404
767
278
873
760
1612
466
1912
1179
713
1506
1791
571
1508
1263
1553
558
968
1045
86
1451
9
1593
1388
799
7
1141
546
10
1964
592
1413
730
870
638
1490
833
1103
1753
12
168
1610
154
1090
1118
1768
642
1675
735
39
113
537
47
57
1924
846
63
1065
1743
72
1028
334
1837
109
1203
826
1950
388
280
1702
751
447
1312
904
1536
781
1023
530
455
1757
920
919
645
966
975
568
163
1389
1984
1905
1461
1011
239
1649
1120
1793
474
1421
532
753
1123
1282
1200
786
537
1087
1566
1559
1968
372
1667
887
1643
311
205
617
1231
719
6
1214
624
1818
225
1214
1466
1696
1358
1939
1116
242
1043
590
1523
594
1727
60
1681
1644
1970
2000
368
1637
887
10
299
1443
626
1529
161
983
743
1136
800
1319
701
617
1366
411
907
481
652
1950
1423
526
543
1501
937
575
1145
907
575
1512
895
1813
1521
1193
1607
498
1074
1767
1833
168
903
984
1486
1955
1601
851
365
507
1683
1016
808
1105
1542
1703
606
478
277
102
1736
1203
1965
630
1367
1485
175
973
334
1600
1092
166
1767
1994
1150
1252
300
1102
454
665
1960
136
32
768
1593
1925
470
550
755
1098
651
490
653
615
1472
19
451
1998
1344
1136
1597
435
1302
1363
780
803
614
1079
256
1067
1743
215
1554
1775
1334
1146
51
155
1695
805
1253
345
1295
257
1311
1118
275
1761
1115
1618
1249
711
52
902
73
831
1704
1038
262
311
456
4
877
9
130
211
1155
181
717
1201
1337
321
1898
631
577
1208
1748
1204
1321
1214
821
569
1924
1225
1470
348
407
1525
1385
1020
1835
1840
1024
1063
201
1505
1625
1707
37
342
907
1374
662
804
356
1591
364
456
794
1684
1669
1966
604
1945
1542
73
292
301
1949
1677
1320
135
1868
695
1197
420
200
822
126
588
1515
1385
313
528
540
1021
118
903
1476
911
938
1496
877
1541
1440
418
1965
1732
718
1913
1760
38
399
1627
732
1948
47
1283
769
524
1871
635
1908
535
1162
448
1555
1280
1702
1382
542
640
878
1418
180
669
188
497
400
1257
761
159
1294
1160
138
378
1107
536
12
227
1059
234
861
1319
769
374
118
323
1653
1819
1705
195
458
934
1964
990
1602
503
1486
354
1760
246
512
1053
1405
1001
1782
863
1888
1794
1089
947
27
301
617
1147
675
734
1470
679
552
1526
1225
1362
811
1541
351
412
43
1836
765
1802
433
1629
1207
1838
981
988
1052
869
1133
141
167
1160
793
783
658
1467
1868
127
498
771
4
1722
132
814
1614
482
1578
1657
669
694
1458
1102
674
1016
1291
1655
4
342
523
1488
834
1041
999
1627
175
1657
1445
42
135
1942
1164
491
16
1296
1304
1629
129
1233
1637
798
279
1447
1899
952
462
1189
606
817
1530
1480
305
364
872
1655
342
1046
1311
1786
1439
1446
80
603
1936
95
1898
1591
75
26
1176
1712
823
1454
1510
1073
405
1971
613
1363
1140
143
842
1444
858
66
1098
1551
1111
761
1336
550
206
1415
1152
493
1861
1401
435
1936
1778
1610
1999
953
1063
1860
25
1820
1830
638
1182
969
1132
375
764
341
440
214
1891
1551
974
1226
452
1531
993
1955
23
853
1355
457
1140
1484
419
1490
436
1481
1349
813
1652
1531
1802
833
851
933
1560
1615
1625
1999
180
1515
1901
1153
1092
704
1035
436
658
1409
1289
364
217
780
200
635
270
635
468
1970
1799
119
1500
1600
1304
351
884
863
317
508
1213
496
374
1466
2000
1818
169
1034
253
1179
442
1893
1894
658
673
93
1293
1294
1080
1760
1263
878
230
1115
830
1533
1465
1713
395
1781
573
1608
276
946
1073
275
763
1593
1660
1368
771
101
1260
1017
1110
1932
1109
402
1577
540
513
840
1418
743
1954
247
275
1770
311
1022
1902
883
629
177
181
53
803
943
1997
814
662
768
914
1922
136
23
205
1244
777
1782
136
1641
621
1553
383
926
151
1010
1047
813
31
948
1696
1011
1476
1876
1415
630
1170
1411
1443
1832
530
708
105
665
1082
309
261
1858
90
396
1499
1062
300
233
1987
450
1594
1033
1262
1624
332
1309
986
1807
1536
400
436
1058
1811
1878
889
340
585
993
1357
19
1301
1617
228
1743
12
78
804
311
311
791
1112
1904
175
725
1880
507
386
865
313
1921
1265
1101
978
1427
978
218
1766
1915
1210
1122
285
863
1090
512
605
1101
590
1408
1763
900
550
1226
1155
1077
1951
1386
1935
336
251
599
256
1867
1699
1586
1293
1029
1803
1410
1295
1365
884
1579
579
1973
90
1183
1426
679
942
1188
1930
1844
766
1437
1272
716
822
1206
1403
1424
1804
10
1290
1855
1595
582
883
1750
344
177
1114
1227
1755
1692
1551
1844
1226
976
875
519
516
804
714
1281
240
1985
348
1414
1542
1750
837
1346
1759
127
1552
1706
1060
434
1455
1403
962
920
981
1068
963
532
911
188
1507
137
1058
374
941
1772
1654
1532
1756
1
1297
1298
102
134
995
213
612
898
1918
1671
1331
1724
1426
644
643
406
1711
1605
1289
973
144
796
1110
1201
1169
402
1324
1175
285
1432
1175
1582
1081
1277
1715
427
1489
678
1324
1758
348
1006
1833
125
1649
827
883
1359
783
171
331
926
966
1792
478
487
193
1802
1661
478
1585
1187
411
665
815
477
1091
655
1154
414
412
1501
1419
244
1978
1419
1070
860
777
1852
1030
1459
1129
348
1603
1959
1186
1795
112
1198
624
1696
384
1386
360
1199
1862
1450
205
1015
215
617
868
1633
1212
845
1403
634
56
179
837
1085
1989
318
1784
1943
276
1321
90
387
518
713
82
902
451
793
452
312
594
656
1327
808
1624
194
792
1188
1390
194
1821
1445
724
1009
881
1064
1326
665
1007
1601
1985
1096
339
503
160
772
1756
610
1564
559
922
157
1566
248
964
1542
793
107
729
182
300
901
1626
1375
1909
506
439
1235
1522
1445
1187
1859
892
1526
713
1051
297
820
13
1861
1378
1286
369
1295
1533
1685
1188
677
1791
1916
858
443
1168
835
1817
1429
1340
607
663
1214
403
201
1072
1294
1726
1784
697
375
603
709
587
332
1994
955
1978
1878
639
1166
906
782
1433
1763
1224
601
597
1392
29
288
1999
1043
1501
401
1243
924
47
1321
707
743
1695
1661
1803
281
344
148
1587
322
25
578
1487
1282
1359
919
1044
934
1519
1992
677
1899
631
675
941
484
1428
536
1407
1474
1856
466
216
1550
478
370
182
822
517
1768
1143
893
345
629
174
55
1547
1569
988
1418
1560
1665
1668
190
691
609
673
118
1144
432
1943
999
897
510
900
1374
879
1081
195
1395
1200
1337
639
1897
317
812
1951
216
380
1291
1985
291
955
1652
481
1997
260
1505
467
1755
1936
409
1105
832
919
4
558
1797
1436
752
1544
636
441
182
532
1109
1346
834
1324
77
124
1308
368
1078
1312
848
1427
1571
704
1893
1678
640
301
782
1823
1219
1138
380
1368
573
1484
1263
1560
276
1796
443
1384
1141
1277
1060
1218
1400
367
1585
830
30
784
256
1601
1839
148
1630
478
800
411
653
371
1548
1384
1738
473
1219
1352
32
1494
1147
475
1230
640
1751
289
1857
1150
1007
1793
331
1037
928
586
989
766
1085
618
1596
1885
1380
248
255
928
1983
344
1400
1202
1695
1783
1047
1193
257
276
1832
359
916
1688
1861
1923
1832
191
1311
759
777
299
1525
1861
1268
1120
97
647
1719
351
1926
53
1046
1677
1254
1092
1460
653
285
68
1280
468
427
196
508
287
470
339
477
1780
1098
1605
430
974
1818
1697
445
1914
343
163
617
621
215
14
297
1821
1106
1756
825
1742
1824
104
209
602
651
1068
888
1120
1407
1716
1251
856
1321
1680
181
1490
1728
625
1755
423
1139
371
1043
1353
737
1339
1525
194
1447
349
1935
1270
805
495
223
1455
1563
1110
927
1321
825
529
528
497
561
708
1986
288
1332
1741
710
470
463
1752
174
1199
1443
51
1744
889
399
1678
510
1555
525
732
1010
439
193
288
1759
1017
816
286
1866
1376
993
203
1664
676
295
725
1145
758
829
1670
308
623
1720
52
1511
471
81
372
25
957
1103
1386
1395
1295
1673
1505
663
489
1790
528
1864
1134
1083
1879
1809
1377
956
1305
486
1784
975
794
406
1046
1197
268
1516
1629
639
1893
586
93
1278
1980
1387
951
1485
401
1791
1626
1281
6
760
363
237
920
1739
1192
577
225
1327
1551
1370
84
596
566
351
464
194
1341
356
1131
1433
1633
1111
1171
935
595
1571
725
572
1203
1083
1331
1565
1319
603
1656
510
1179
232
188
1081
1601
271
28
518
973
491
1063
313
1198
194
97
1183
1656
1267
117
602
1189
1194
1173
392
628
504
308
1946
1458
1963
807
636
546
994
1716
146
1616
1743
1015
588
586
430
1252
1783
623
1348
1317
630
966
1434
1231
506
979
403
1249
1606
1258
1557
1903
715
1871
709
1350
417
1702
1417
914
1317
1512
1929
256
449
358
1507
231
1332
1206
1900
1961
171
1333
1543
1028
663
1945
277
620
1203
1833
522
1917
1703
1230
1619
119
1283
1387
1385
951
898
1313
1206
1346
22
1064
1929
1353
269
1828
1665
791
1512
1207
1818
526
1503
94
1145
705
278
18
974
1981
1247
944
451
881
330
1835
183
1580
1499
1388
1277
1520
803
1557
1224
1071
1736
1240
213
1599
798
382
124
301
476
1620
1357
1105
1637
330
1437
1235
1273
240
115
1955
426
297
1534
1925
36
1162
1796
1190
719
1020
612
806
611
824
405
1409
1206
528
61
33
500
1417
1137
136
1747
574
1723
1371
1165
189
1325
1590
486
1210
1514
873
724
1310
63
1442
681
674
599
1643
1850
1003
1051
1407
1883
1111
1439
382
528
927
869
626
1852
591
1996
1016
780
1673
606
1617
1234
471
841
1957
132
903
1750
812
1929
349
807
130
1351
209
1536
1233
1320
1326
1614
199
604
835
1176
456
1425
1171
1823
204
1195
780
1820
429
1251
1013
385
1382
1915
135
546
195
483
1704
676
185
1912
211
1418
1583
1888
1383
1781
492
217
956
1299
1994
479
1121
197
25
1901
369
453
1503
1381
1190
1236
1647
1324
133
194
158
1836
869
342
1748
1432
111
1330
1319
1846
1463
1810
414
770
1108
407
1600
581
604
1625
833
1324
77
335
1056
1266
1922
1054
941
55
1247
1450
242
468
144
1989
1899
254
1671
1217
451
1133
1379
865
254
486
1271
1854
1418
226
1478
250
1901
1906
936
956
1524
858
10
464
1264
1608
1914
1505
75
57
1846
1973
662
1868
1542
1113
1352
920
329
1605
1757
1599
1458
1175
177
1287
1424
77
1193
712
1385
1068
1569
1394
1531
1184
1001
1796
1040
1076
204
885
1400
1218
1104
941
682
455
212
1010
60
321
608
1869
1495
1136
1508
1270
1213
1052
1981
597
119
1901
342
1
1084
1694
1797
124
1121
352
1360
521
1569
464
1813
250
1270
377
1259
1681
697
219
1902
543
1354
1409
1812
918
460
145
1866
578
397
207
578
1833
253
726
1956
1373
1078
1667
245
998
482
58
1600
104
786
858
1784
1482
1428
1685
24
1134
1093
187
403
1904
331
269
833
728
827
1411
560
1079
488
867
452
1917
885
696
915
1719
1105
514
1822
1890
1723
1957
1371
1503
1642
1746
636
1086
1933
1038
990
615
1658
1822
1342
485
1584
253
1563
424
1471
366
340
708
1062
1606
778
166
471
951
56
194
907
1778
48
548
1524
683
1986
1456
72
975
70
1730
1148
1764
566
1084
368
480
1507
191
846
198
1250
1907
1804
27
424
274
977
831
819
1883
609
866
783
484
1900
768
291
324
94
360
405
1593
475
970
676
1195
1801
534
1737
646
1084
986
904
887
1364
1328
1512
692
510
683
574
1118
1900
1708
1953
152
827
243
475
1272
955
1231
865
1781
552
1892
975
352
426
711
998
1861
48
1901
1099
1411
1580
610
102
90
1644
1028
1559
1896
1087
1512
47
1914
106
873
1185
1060
103
401
841
654
293
167
1005
1070
1230
354
930
1277
255
28
1040
1834
989
1493
275
633
520
1834
880
1607
1697
926
1872
1802
1798
1408
862
1900
1809
54
905
101
572
1909
1522
1801
263
451
1430
869
830
469
1054
1818
1961
1329
802
833
1514
33
791
1210
958
662
1011
755
69
224
1006
229
629
1910
681
1201
171
202
1353
433
1004
782
1301
1833
1602
706
3
1915
34
1156
747
1547
1189
1537
1108
498
550
471
1605
970
694
610
1199
1675
872
1879
1227
1042
81
579
1474
1436
1361
1126
1269
1314
183
1623
1228
217
1130
1974
115
670
1862
1575
1168
411
45
772
1381
738
1733
579
764
604
809
1990
1645
889
569
1470
325
281
947
1945
1594
1130
1919
1174
1698
1400
1147
1812
70
1009
1386
1589
1771
1782
712
1151
872
444
81
1635
1048
890
1625
692
130
545
514
806
825
1460
1102
770
589
1372
1943
286
772
1442
450
1193
802
187
1133
572
1969
1844
75
840
287
507
826
1686
1748
450
730
230
994
1243
1035
170
702
489
1292
1643
1860
1586
280
631
1027
1081
175
180
1620
1307
1104
1588
1150
1530
779
1789
36
1604
1474
136
406
203
365
1751
1797
1751
1921
851
239
1564
493
99
1149
1124
1081
528
205
1256
707
1824
914
1810
1763
416
1339
541
204
1727
496
1677
1862
1253
232
578
1004
28
328
1276
878
567
839
1722
1017
1987
846
97
514
1402
1704
1573
1225
970
1382
1339
1385
1073
231
1588
1151
726
1616
1364
1979
1847
1941
1334
227
620
609
1104
1186
1447
1178
554
1433
23
651
299
1424
706
1871
1000
1675
1604
338
1059
676
568
998
178
1645
614
1541
1975
812
1481
1308
1038
101
1916
494
1638
1362
1671
192
1147
1693
1194
1797
1468
251
1667
819
278
1622
1508
1688
650
427
686
827
423
1651
368
398
462
200
57
1500
652
325
345
642
38
15
1185
1184
59
730
1332
1878
980
1350
696
1257
972
203
945
1621
981
1630
799
1403
1632
1518
152
93
70
209
1944
1073
533
288
1714
570
302
898
106
360
1979
1437
589
959
787
1284
215
110
1838
1511
82
818
1492
880
573
1123
750
724
1568
819
932
1511
1891
1816
1799
1957
738
452
1206
843
1164
1185
631
1752
143
1769
1388
709
1878
1225
220
1959
395
63
1191
967
1538
1940
42
1105
1110
1326
615
1000
1141
413
956
1878
1217
162
1072
380
1346
1703
131
1840
1471
1518
548
1701
1095
1119
11
1489
1534
1201
807
1071
1492
1200
175
601
525
789
1953
18
1554
908
1895
770
1421
1319
1149
1118
1373
1279
957
1195
1149
1857
895
243
1327
906
83
860
458
1241
1930
1950
440
104
902
965
1245
854
982
798
114
1228
1919
1886
546
1067
1004
270
697
312
1465
197
520
359
439
1847
1616
521
706
74
1761
636
375
553
1091
1628
1869
335
834
850
1484
947
429
1402
1184
1327
820
539
1596
1869
851
1060
65
1370
1771
504
1216
1386
1376
274
1811
1489
1261
537
41
351
165
1909
1038
998
1110
873
296
1538
275
1479
1216
1446
370
812
1314
1220
223
1379
941
1993
234
509
1731
1609
782
1893
1449
42
430
1841
744
946
1749
133
1943
1210
1006
590
1100
1632
420
315
1077
789
1478
743
360
53
473
1653
397
706
161
127
666
1294
20
467
1335
801
307
430
1746
408
563
40
1617
1568
629
716
1199
1400
1383
627
541
1212
1721
900
1264
193
904
1661
898
1064
139
1916
357
158
382
43
1310
688
473
1055
1095
1035
1094
1064
954
74
131
504
1826
1513
1130
366
1077
851
1617
340
1395
521
352
645
1936
491
560
293
1000
1293
335
310
332
1159
1364
1779
545
810
842
1498
1235
972
1
1060
837
1483
1777
1913
685
1746
604
79
618
956
723
553
1446
1634
1197
445
1278
1884
754
1610
1042
470
1740
1587
1631
581
1436
1217
1904
1437
277
1092
1271
405
1004
1955
502
1608
385
1119
915
1108
24
360
1093
1220
1156
371
1455
262
332
497
731
71
435
713
1003
1870
1929
906
1658
557
350
928
1314
1353
882
1815
1312
1267
1286
226
726
1309
937
170
880
93
892
335
354
1223
1183
1436
1645
1617
148
647
1838
76
1905
1496
985
254
423
298
1958
1657
112
1270
923
1397
1847
2000
1057
784
521
1937
876
1413
271
1581
987
1805
1016
632
1421
1163
1630
1258
1590
1534
753
574
1787
1528
871
97
1184
1335
1366
458
1083
1564
809
140
699
1329
76
1574
741
698
1506
1728
854
521
711
274
1683
340
1883
1273
1874
988
198
12
515
1421
108
50
755
1825
507
1837
1741
1315
328
439
643
755
365
1736
1804
1870
1815
657
391
525
1282
425
1216
1165
49
1089
504
247
1453
1018
19
1912
1419
773
89
1925
961
1829
1591
1641
619
585
395
983
672
199
1205
486
1207
1947
1362
489
371
578
1653
420
18
156
1018
1470
1525
1036
1734
943
160
174
1219
1472
2
1161
1112
972
97
1859
307
769
409
1511
1606
1615
1809
968
455
179
1545
107
950
1914
614
1967
1736
490
1354
1469
1784
1865
1642
1354
1337
1995
514
800
1318
963
1010
1624
1731
1418
1486
1688
1385
1294
655
1839
1473
551
298
774
465
1263
1093
552
1753
446
20
1536
311
13
1242
1999
359
107
798
1676
1069
160
1300
1151
1577
1137
839
1313
431
1493
1152
255
396
1801
1028
1212
1063
120
1763
1167
918
134
703
1228
498
296
1578
856
402
727
531
1471
886
182
621
815
1671
1459
127
101
1304
1630
707
51
1782
1734
1262
845
206
1024
11
1475
1509
1065
702
6
1360
631
861
114
1357
1743
1584
595
277
556
1409
1947
15
1887
399
1670
1517
1105
1720
1298
1190
981
494
1747
356
505
1221
1864
1921
274
221
1633
904
1433
1746
613
1175
1329
1207
1803
1884
615
101
250
501
499
1919
369
1603
1990
19
1145
970
512
891
1677
1368
112
1892
1289
385
112
921
1289
1544
1018
1901
1071
698
1459
1225
581
73
1326
1183
925
1824
1453
1294
1779
1443
1312
923
764
175
1813
441
1543
276
684
1183
661
796
455
301
691
1472
553
113
169
11
1338
1101
435
663
283
1359
838
88
1004
616
1530
667
1538
645
842
1703
1437
384
1978
121
1918
990
1268
372
1290
310
1843
1842
423
363
204
1760
1463
638
774
98
1997
1611
185
1352
227
66
19
116
1062
860
170
499
1595
148
971
1512
1489
238
1883
779
547
77
972
1321
439
1528
1432
253
165
205
702
513
1816
1238
1865
394
1655
1883
861
717
1094
1031
1567
1040
1530
537
551
1018
1126
785
148
24
1213
1120
1345
1651
647
776
255
1163
1333
957
1676
1500
194
1892
1893
1849
1774
1105
917
1219
135
483
258
1664
1019
1160
1034
144
1944
1181
167
1156
300
1863
1158
1298
991
1764
461
323
720
488
1822
1266
379
66
1466
504
1170
382
1722
1657
864
1979
1672
234
1138
705
729
1433
1886
1247
940
537
1110
97
1835
100
1860
647
774
932
1486
595
197
1864
1012
1662
367
533
395
440
189
1610
418
213
1843
1907
917
571
1691
1154
169
630
1691
1278
1078
1877
1729
1289
875
502
220
360
1096
768
223
459
781
941
992
1175
1380
1532
784
1797
1744
978
55
1013
1548
97
166
1717
726
1856
1346
155
84
1075
1443
958
1576
1663
1317
1024
430
1891
1834
1211
831
825
737
210
709
1521
358
804
498
764
1816
398
860
334
466
1937
189
1811
91
625
1237
1534
1582
1165
1548
1251
540
1977
1141
373
1539
1972
1550
276
181
258
148
539
1061
997
1302
1229
1394
514
1562
211
450
102
22
541
726
1610
74
660
774
1973
1910
1313
301
1402
38
1840
1725
1587
467
1906
1844
966
796
1256
1962
449
484
1708
962
45
1918
1764
499
291
304
1224
1901
729
235
1026
701
496
691
1001
1898
728
1192
1622
314
10
1879
509
975
1026
1764
1289
1475
600
996
788
996
1265
551
1494
1556
1206
1070
1808
1934
1304
1185
986
152
1875
339
49
602
1530
22
1267
1892
253
1775
1218
1278
1891
506
1104
842
1853
244
1837
1118
1146
1683
1025
352
752
832
637
407
16
1623
558
243
1961
958
1196
1842
1332
463
1733
1584
589
951
1213
831
1808
317
1672
1661
912
1509
1130
57
1191
154
408
294
1337
1397
1052
1704
1019
1962
1946
1331
919
1142
1524
250
1604
1257
185
544
559
1398
1375
718
66
1046
730
977
906
1859
1033
448
364
1793
741
52
1189
145
1756
207
106
1701
1889
1024
842
1412
1626
797
1020
1810
1341
1930
1559
1067
648
1624
112
1729
600
1370
1940
1633
1817
303
1425
558
355
965
702
462
1171
807
162
1411
182
1356
822
159
504
194
321
196
123
1879
1262
1122
1503
1726
851
102
1095
790
86
911
1444
1862
1820
150
826
521
611
348
1679
1125
110
213
480
1284
371
983
1477
691
1179
1951
922
792
1073
424
517
1923
877
1611
1064
1315
874
507
1176
693
1009
354
1566
1619
1053
1596
743
1163
1808
1574
446
531
557
1922
1573
87
1872
494
878
1296
917
1747
1570
146
1357
633
1460
582
1492
987
1275
500
1340
840
118
393
787
1213
1555
595
786
352
1477
1694
273
1049
132
496
1543
1362
1792
811
1108
1361
956
816
1994
415
1398
1485
1754
672
336
1093
1863
453
1837
1001
17
1743
1595
1155
94
1423
848
718
472
1332
1214
14
693
1005
1176
1800
365
132
615
710
898
12
546
651
1035
881
96
1249
1686
284
250
54
379
196
1208
472
1619
56
1190
90
1739
755
455
431
1759
1982
230
475
113
1196
1537
1363
1560
82
365
594
1315
812
195
1352
1448
444
1405
1826
639
613
297
609
1020
1838
1050
758
592
1856
1188
702
1838
1769
1529
302
964
1065
1664
523
1146
381
1469
812
1192
1663
163
991
106
1568
816
1096
532
1465
57
1551
1302
1106
660
246
962
199
947
1151
1967
475
1452
1282
1891
1468
157
1389
1848
1625
200
1391
1639
715
382
96
634
1197
1543
1165
1013
1599
1067
315
705
78
912
18
276
210
1168
594
1037
619
227
927
86
383
315
285
359
515
28
1997
1229
409
444
1862
1957
1987
1378
970
1585
444
1636
289
873
547
658
1148
756
1825
93
144
444
319
1071
881
702
1385
1166
1412
251
1193
1761
1831
1953
204
44
261
190
1421
1582
1775
216
1217
415
1088
115
1073
587
1223
1249
679
1366
1692
998
436
925
51
173
442
1462
423
1986
1574
254
1938
1778
297
550
1967
70
132
93
285
1700
860
1725
1815
284
311
1389
1532
990
754
1576
339
1542
500
389
1714
941
202
136
926
1776
741
1215
1905
1390
116
223
1459
247
668
95
1947
1527
171
113
1810
482
1501
1693
1823
606
1268
513
147
1767
1253
1860
1059
1806
348
336
1933
1440
1902
1837
829
18
60
639
616
727
1086
914
605
1256
1026
766
89
878
458
263
1484
1726
775
1630
1844
27
1842
903
1833
541
1590
1765
1980
1492
1954
1161
1861
13
1799
476
1091
1236
1390
47
492
767
812
580
1997
1269
843
1480
994
1969
1461
1190
1996
1654
92
180
194
33
296
174
1876
249
1334
1736
613
1484
564
55
720
1953
101
1563
1071
912
142
1067
533
1336
898
1878
1657
359
1067
4
12
1510
183
206
1543
830
731
1418
1079
416
1506
1691
1899
69
1746
970
373
1846
532
1443
1110
1026
862
1642
713
1759
1519
369
469
938
372
833
447
906
1390
1989
1736
120
1759
1166
535
1264
856
785
1332
953
1755
56
1151
638
1498
260
1663
711
253
376
470
123
1096
1290
1412
1820
122
1859
725
1511
199
812
1982
1957
1977
868
1572
1185
5
1255
137
111
1310
1639
748
1160
250
411
222
502
1138
691
977
233
333
388
404
454
598
1481
317
797
292
650
1105
621
1518
1029
157
1874
283
645
1984
1945
284
731
1456
533
1493
1677
1387
630
720
715
1215
1052
1454
1618
1857
52
1450
173
848
94
1175
304
714
692
1332
1222
917
1967
1866
900
1911
501
1630
1718
1034
1123
1394
772
104
113
1838
1670
1516
1291
1640
1373
1342
1089
1897
541
1182
1071
845
247
114
528
1468
1030
494
1334
1929
756
186
1911
473
1219
1385
219
342
1488
683
179
1158
199
1470
797
1923
1163
1885
1819
1704
1419
1242
900
1665
1355
1779
1133
737
273
818
1017
1380
1003
927
205
574
311
423
1267
1799
1457
1798
1308
1655
1619
456
1929
781
692
1748
836
110
1341
87
1775
695
1866
1259
1783
490
428
800
1869
1782
1726
425
707
37
847
1974
187
656
123
1846
310
1741
301
591
521
992
690
1357
1454
30
1443
1580
724
1660
838
507
149
1617
1306
18
1398
1383
442
105
1771
1641
430
309
296
552
154
957
292
806
1899
1164
150
588
872
1603
617
667
1182
1693
326
371
551
475
1987
208
844
1736
1590
1637
192
1361
1629
973
1669
276
1524
175
1585
167
980
1483
1683
1129
71
554
1083
687
1220
264
379
1546
986
929
372
972
1136
1567
1060
1078
1203
1251
438
1184
224
458
1459
99
632
1395
266
1964
878
1948
1444
948
853
527
1986
73
1142
717
1970
128
1997
693
1451
1485
259
510
562
1813
1761
1351
996
1984
160
807
82
1144
201
699
1107
1078
998
550
377
1851
1076
715
275
570
1783
244
697
1779
1288
147
1263
1546
657
176
1358
769
1878
354
752
38
1512
1185
1181
1712
236
287
1142
1233
1188
1870
1435
616
936
1709
1185
718
304
233
497
1591
379
111
1136
1387
639
846
155
516
1551
1258
553
1062
443
1733
1125
678
371
266
262
1559
488
1697
526
1423
1757
1710
141
413
1942
989
3
672
1099
1491
59
1737
688
565
253
238
1823
805
1299
617
890
775
1646
1260
1041
1907
1170
1528
1955
1695
1302
1712
1756
1442
124
49
430
478
721
1881
320
1131
1617
1007
1695
221
1596
1517
1378
1246
485
267
21
130
1878
1061
389
1400
940
343
1446
241
406
1202
35
881
1250
464
1711
1970
696
30
1100
313
1389
1147
885
984
1015
262
230
1500
880
250
1629
1110
1662
17
509
953
712
306
1193
1117
1507
1579
1998
757
43
60
1078
1090
89
530
1402
1829
1676
639
813
690
1252
1394
541
484
1995
170
1593
1656
538
453
960
1601
758
504
718
617
83
1067
1725
477
1126
802
1566
1566
1683
1320
1395
1710
1958
559
752
1209
304
1292
44
298
1813
1636
305
351
440
1264
303
1550
1767
1372
518
1849
438
242
677
1915
1395
243
1833
1078
1562
1227
787
1871
137
1538
1431
440
830
1475
1089
994
1462
1393
1344
1902
1008
1999
1803
1126
1370
320
1327
1808
561
3
74
1955
245
1906
1384
158
1484
523
28
1972
60
1459
411
1241
933
1851
235
746
1595
1930
647
602
1928
801
1728
1650
1472
1054
1457
384
1056
1882
339
1653
140
74
162
1623
596
190
1947
1008
2000
709
600
1284
560
1186
29
154
1116
1028
1108
1395
180
835
1044
1652
240
852
35
1647
1086
725
1299
1225
799
1461
1199
1746
2
1145
753
353
1854
1353
1636
765
538
16
918
5
1043
25
1752
1223
1211
1147
874
1450
351
1260
1097
1436
1985
747
1012
783
559
210
528
912
1707
1633
1264
1912
1337
1251
676
226
1619
1945
583
661
322
334
235
1532
1832
1460
1334
182
720
782
1969
1056
1880
980
1838
791
1542
717
1702
1600
701
1318
1511
37
920
538
263
538
482
1197
1551
1155
1530
1785
1039
1713
1597
372
247
668
1505
215
1723
1736
1547
1560
526
1440
628
580
1039
1329
1897
549
1717
1168
1086
331
1706
1919
1527
1256
1074
1408
1392
112
1121
988
835
1367
1655
691
1933
1377
426
1479
1288
952
918
268
1531
308
1948
1779
856
1664
946
293
1995
1003
564
1873
610
1637
1281
2
100
401
1341
1286
119
1348
1976
51
724
753
1882
364
1704
1151
631
1586
1459
578
1716
666
593
1014
959
939
368
1522
812
978
1510
92
979
1961
844
671
1246
962
18
1573
1364
742
325
1597
1457
381
748
439
318
558
1368
386
1223
1960
1399
533
899
1766
406
1710
743
267
1801
73
227
644
744
1472
1957
761
1396
1672
1854
1721
1269
1662
453
368
100
770
925
1467
1155
499
1779
905
1032
677
1023
1789
738
117
56
538
190
282
1533
1285
106
1841
397
1853
1512
603
1573
780
264
377
1147
716
1499
423
534
653
922
312
1910
305
988
932
445
1725
1048
500
614
1589
1134
498
1225
1591
338
1622
1443
1850
576
1368
981
839
1744
480
1906
1242
902
440
247
175
751
508
831
91
1791
1628
167
838
127
781
779
1612
1630
355
1554
1968
1976
997
169
903
716
1501
94
811
1980
1999
405
1234
438
651
1760
1541
1510
943
1631
1300
570
1797
489
1048
929
1267
660
911
1622
213
878
1949
1561
1398
852
628
1250
945
1439
1582
1295
1843
815
1733
845
926
1625
354
1868
1255
1653
789
1403
141
1837
684
1760
848
1594
1733
1412
823
1681
973
572
884
1600
1821
180
1390
1402
1475
1232
568
1559
428
1494
1183
781
1713
789
785
502
543
926
338
1226
1037
1537
819
769
948
1993
801
1920
564
37
1872
385
216
1613
138
42
845
706
1600
1624
551
1134
405
615
274
1189
1116
817
466
1805
42
1502
1341
1213
270
289
1557
1423
560
121
1459
783
857
26
396
1346
68
1592
51
19
1567
953
1505
1971
1920
1778
1512
1387
594
1977
1192
988
1831
884
552
452
1524
460
1874
436
580
1332
1570
1788
1710
317
1134
1777
260
1536
147
1827
841
1651
1797
760
1429
1660
146
374
1637
1689
1713
1819
925
264
270
800
1076
144
1235
1655
1827
1157
1795
1536
1473
1280
1664
1733
1167
1811
1911
7
1461
59
766
1241
1719
1264
1615
1707
952
1679
1525
228
295
1794
1028
1370
289
614
1376
468
1770
1170
355
1595
449
19
1679
1616
181
1589
1974
1641
1647
1092
1234
1365
355
1200
1423
1658
878
947
238
1172
1093
1265
541
1733
230
1917
200
2000
1086
555
1946
1887
925
1624
1854
1105
1212
1827
1097
1210
1270
682
927
1976
1881
349
1634
759
1648
1871
1930
740
1487
823
472
1716
739
1024
67
176
1930
12
414
854
1635
267
310
1198
446
1758
408
67
440
1686
43
320
34
1676
1430
1681
1898
1712
772
1736
534
1596
1803
1272
619
1870
1799
548
1881
213
1753
1868
831
414
1417
1628
171
1824
1695
610
1861
1737
1282
1895
1764
711
1927
13
422
699
1748
955
294
1550
578
1264
1771
729
163
4
1293
1915
223
123
328
1639
103
850
1815
149
1812
1675
1885
1093
1569
2000
1803
1848
12
577
898
111
1531
1543
12
461
806
1783
1189
968
138
481
1234
360
955
1913
1998
1409
1114
1812
1557
925
1839
1441
17
1759
1792
172
1606
1803
748
503
265
630
397
277
1442
1202
411
982
521
548
1462
106
1259
769
370
1608
177
1484
1772
1734
408
1610
1526
777
1368
1318
948
1326
1472
47
180
1737
676
577
365
118
130
775
1099
651
1674
913
1108
932
33
1830
539
561
1313
310
294
72
1919
172
848
1639
1841
147
964
1664
193
1143
1752
869
1719
116
1338
1849
890
788
851
915
1700
310
1846
84
139
737
645
1803
1046
1290
1875
1317
1461
1074
1307
1653
1221
270
1669
1413
1764
1420
281
1483
1536
1970
1683
777
758
885
1692
809
1194
1889
893
1685
625
1537
1487
23
826
1361
1691
639
435
997
291
7
1618
1959
1419
1381
1731
1700
1215
1266
1669
897
42
778
1781
85
1587
1327
1974
479
1011
598
15
497
620
1192
210
662
1830
996
1658
473
1002
1275
783
420
656
513
471
1870
1778
492
1119
172
1269
1251
256
1207
577
229
1685
1939
1179
51
788
150
1243
1349
812
1072
344
469
1544
1697
96
327
468
1103
839
939
1324
969
1782
442
1140
1402
45
1747
609
973
328
645
912
1858
696
51
7
1938
1399
818
1009
94
1639
905
1790
86
1583
257
1188
421
1547
511
1741
1680
1305
1232
1434
1349
979
42
673
1658
686
1584
1515
1733
1986
1521
1670
1384
691
1031
1477
681
287
1618
1118
1869
227
305
641
125
1167
382
1805
823
1613
1238
523
943
1631
1196
952
668
1131
466
753
1117
339
422
852
1381
1804
681
61
442
298
1178
310
524
1834
951
649
1352
1332
805
175
1296
394
1049
591
376
244
1542
1395
1727
8
147
1195
698
921
46
78
1076
726
490
1518
1024
1667
1827
1899
1852
1129
899
1203
812
55
1729
108
800
1130
1050
1175
1725
591
922
1451
598
1068
645
1647
340
1043
1724
1416
1768
213
933
1143
231
1111
1394
434
240
292
1637
1051
699
1717
1510
1498
846
559
1025
571
1502
1946
373
99
1013
1370
1746
1353
412
1821
1120
531
34
52
1674
616
1514
1419
1050
105
1710
1038
1156
760
754
1017
258
1952
1928
1282
874
1429
1579
1246
1879
591
967
1976
295
1378
149
1766
1909
182
1817
1934
797
1683
1352
198
1787
1413
1235
1294
173
341
311
430
644
590
63
1517
370
1641
1114
600
583
81
576
1230
1810
1076
995
1718
1257
1164
3
405
846
1354
603
632
767
189
1926
939
529
588
1720
1172
1529
1782
1040
1898
1774
506
497
356
938
1424
1585
747
499
580
817
107
1743
819
864
940
525
1818
1571
1291
6
1496
581
887
435
300
410
1963
433
1450
1860
206
307
709
913
1244
484
850
342
1335
1781
1510
1441
1875
681
304
814
1205
473
384
495
479
232
1427
1365
666
1726
126
629
510
1575
840
1067
233
1548
1979
1828
384
828
522
1718
960
31
1158
834
711
1814
1647
267
286
31
1113
1116
614
539
480
1279
616
606
1907
1125
532
1099
191
1117
998
522
944
1381
1701
1465
1098
661
1848
256
1494
910
421
1141
1177
706
1523
289
1822
136
1180
653
1414
1795
1610
1673
920
494
1123
1462
1610
120
335
905
1501
36
370
598
696
569
853
541
1478
1273
1681
1006
331
1555
1647
152
1690
826
1156
1456
620
766
1480
1891
1611
602
1353
1220
721
1687
124
573
74
845
1171
769
1765
375
1662
1243
2000
1694
600
330
1249
246
833
1290
1071
1988
1097
1691
1105
576
1581
1067
1529
933
286
602
972
762
1174
1045
1958
696
166
1723
1071
1827
965
1070
1520
1916
1751
1120
162
583
410
1232
922
1506
922
379
434
503
1445
314
1787
83
1267
1110
844
441
507
801
1488
1024
523
558
850
1839
1979
721
1755
1729
1841
1916
311
602
1147
1585
459
421
1963
892
1275
1759
1558
1413
1841
824
875
684
1616
1381
1837
1104
404
359
13
1605
550
1992
325
304
1720
517
571
383
1118
1717
319
1929
489
633
820
1763
391
729
1528
232
1553
402
1267
1168
1782
1103
623
537
1814
636
141
363
627
817
1018
698
1686
1588
1432
1155
1656
1750
1083
145
382
255
259
773
983
138
1356
535
539
622
55
672
77
677
1208
1890
1664
1700
604
290
517
1621
1340
202
1208
771
1356
1215
873
791
1359
1254
1045
1970
378
27
107
1733
914
646
707
968
1669
1135
1996
877
1376
1660
928
1979
301
1796
1951
1640
1997
1158
763
1705
372
1635
495
83
1240
1891
404
1618
1917
510
1702
830
1507
760
149
1528
1894
145
756
1269
156
1683
1247
456
1479
1197
448
1827
706
1562
1883
1430
1548
729
1864
787
619
267
756
888
1128
458
1717
987
1217
218
514
1111
362
1269
731
869
1303
1978
1324
781
1526
123
960
584
1684
842
13
1231
1571
228
370
541
494
1125
1428
1973
1934
1497
959
1503
1714
1824
965
427
1092
1695
1295
747
24
970
1527
1550
1093
838
133
1128
1680
497
711
1602
724
1432
494
1569
556
1922
1541
842
1418
852
344
1483
675
1660
1909
119
1354
1203
865
1378
524
743
1279
1616
1581
1763
1096
1612
259
1806
1213
1334
1237
58
902
144
1979
794
1337
1748
1645
1680
1582
672
1339
1490
1142
1045
1044
6
774
1568
1100
52
1535
1032
166
630
643
776
787
207
109
375
265
1362
519
595
507
1855
695
504
1887
276
1175
1577
1766
316
973
1161
673
1746
728
124
149
615
1156
314
1596
1798
1441
383
5
1901
757
621
1262
1627
1215
121
1482
1909
624
1720
537
1798
1648
302
465
621
1814
1137
366
894
1260
867
1508
767
1532
1103
565
973
1837
921
873
594
1893
487
220
1107
607
53
1368
1230
124
256
1379
1772
909
1843
392
722
1331
1109
1615
942
1975
1474
1709
1507
577
625
479
413
1545
1351
1358
1789
189
1930
1247
1147
1982
966
376
106
1221
106
229
129
1948
620
851
1630
1728
817
924
1703
291
632
1209
1219
1608
39
1983
1504
1741
1341
1292
1930
1270
538
1076
1603
1504
1804
60
724
1909
640
853
209
1259
1703
190
1339
519
1113
1041
1161
96
601
379
1703
639
362
1206
731
54
497
660
1675
1035
88
1629
538
243
1689
1613
503
328
465
1063
1939
519
1253
1277
1390
717
669
550
813
1621
929
867
259
1642
73
1341
1695
569
353
1369
1955
440
997
844
1034
1037
457
1536
1717
1273
951
1655
1792
555
1283
1181
1271
1951
82
435
1571
1362
1302
181
1003
1374
1873
1049
294
225
769
249
664
118
1444
49
1154
1900
1937
1222
1173
887
1228
1316
1441
862
496
1063
1164
929
1850
734
291
1151
1266
1645
876
1139
1046
1521
1715
1814
121
731
1931
1565
779
1437
1464
715
1010
988
1953
238
303
1745
1099
1150
1160
615
79
1009
1700
721
511
966
717
1386
456
1762
906
170
1928
1027
900
1858
943
31
1646
406
1097
1008
1746
1050
1245
48
794
695
1198
1953
1309
1628
1313
1009
700
1823
326
1416
1208
1133
1530
466
1654
1457
1844
906
1666
786
936
1312
1543
32
319
1288
1433
1915
1336
579
961
885
883
622
512
196
1982
1211
18
659
978
1578
143
507
395
1796
1963
238
1053
1629
1023
1988
1292
917
372
1610
205
156
1876
1540
734
1188
424
1617
161
1287
1812
494
849
181
1152
1826
1758
1294
333
504
1442
295
741
494
275
115
834
1566
1032
1557
1527
1588
1712
1402
1127
446
942
1902
62
1102
1540
225
1596
388
405
1099
565
515
745
897
1018
538
1544
111
1031
1818
225
216
1384
1608
124
910
1195
188
664
673
633
1957
926
1046
1410
817
1622
1357
1204
378
456
1769
892
1200
1017
262
1737
912
372
1119
730
948
1687
465
908
162
1726
102
349
741
1127
1333
697
52
378
459
869
351
1815
424
729
270
544
1972
1821
1913
233
1909
824
956
1380
1905
256
1418
721
1163
1579
447
1616
1928
1539
742
1260
236
1146
1990
694
366
340
860
1141
1420
1130
37
1392
1302
1949
1976
1211
1124
1284
942
1029
1539
359
1749
701
1937
547
316
216
86
1410
1476
673
907
1817
1718
1624
508
577
1116
1928
58
1152
1671
1712
1452
1646
922
576
929
215
1956
819
573
56
1519
861
955
187
1077
1040
1948
904
64
1206
720
1781
829
1579
709
1944
1858
767
1448
1528
478
899
1526
1751
1474
806
317
1781
1625
889
1837
1495
101
791
1681
1177
182
1980
432
245
1185
1503
377
365
1082
1085
309
939
203
1756
819
1032
1006
344
1134
480
1149
1450
612
773
690
448
268
791
1590
300
319
1771
632
1103
367
1816
605
743
533
38
180
1193
1329
382
948
147
1766
1953
842
899
784
1990
349
1396
1115
1390
195
1734
180
137
385
851
259
1016
1953
626
1184
909
1720
1716
947
1899
908
275
633
207
773
398
511
1614
1296
1647
1955
1996
1394
1069
1386
1588
1154
1917
1724
1539
1119
1983
554
1071
960
89
332
679
1804
1278
930
1063
1904
1562
1269
1028
311
1780
641
1958
1426
595
306
819
16
1691
758
1169
1959
834
1059
1078
1168
1613
500
127
53
831
1157
1857
460
438
919
363
351
540
1742
661
671
382
619
448
1329
924
1618
1696
966
375
864
1276
1560
1923
705
727
1887
1205
1205
1939
387
714
147
847
1151
1418
1561
1502
1957
1303
514
627
36
1484
1074
1716
407
691
1411
1724
1417
627
1000
977
901
1704
55
1139
1260
1260
1429
1999
1973
1576
845
1475
1345
757
1328
1301
411
1842
279
447
1325
1704
514
84
746
1925
159
514
903
1158
1490
1803
1214
1545
941
825
1156
369
823
1480
296
19
954
1640
1128
634
1292
1538
475
1922
336
151
1977
850
586
1074
1126
745
1588
28
254
1077
182
1819
973
1122
644
480
1842
1818
1959
490
189
1265
481
1316
1898
125
853
724
398
1189
874
375
390
1812
1448
1515
556
1387
1542
809
816
1723
628
1788
1196
1623
620
1389
1440
578
230
1628
1842
711
1295
91
1187
148
814
1584
1688
40
310
77
1851
1758
1591
758
1144
1484
1566
1959
1558
545
99
1105
167
718
845
1959
1647
1075
1938
1841
137
1233
1931
1323
1380
1097
906
1419
1136
1216
1495
1338
1325
1437
95
820
1272
1660
1131
1181
557
1581
285
723
650
1481
681
296
907
619
136
1043
203
419
717
1582
1515
1623
1352
1002
1190
846
339
866
634
785
37
257
796
1519
1437
1352
1099
73
75
100
1553
1107
396
460
1725
883
1854
1927
1653
571
1860
1519
545
1563
520
1734
408
1210
951
1393
1994
1339
1649
790
858
1085
141
1956
1509
567
408
1062
1674
1155
1873
1750
37
1726
29
42
296
240
1560
840
1803
80
925
562
1289
227
1955
1635
1566
1955
776
423
1392
1268
730
900
1835
1137
313
1860
291
537
1961
680
263
1989
721
910
581
632
102
383
1063
1026
1296
704
1253
1602
338
1170
1557
1113
1592
1300
380
321
199
566
1810
864
425
100
1400
386
1131
14
726
1851
924
1306
835
1025
40
1897
402
1336
600
6
937
937
1175
845
401
1118
144
781
1791
695
1698
1600
1558
123
51
1309
860
1182
1323
1585
1384
598
891
218
1622
930
115
375
265
714
381
1554
3
1907
398
403
1025
542
1535
815
1236
1233
414
1145
1707
816
805
566
1997
127
150
1381
1076
1392
1598
1049
674
64
1424
1290
1130
156
843
1132
62
1241
1886
1086
134
1773
252
1721
1357
1017
865
1063
1833
21
1628
1829
500
129
1561
1575
1873
