380
78 166
78 165
79 165
79 162
80 162
80 166
82 166
82 169
86 169
86 171
84 171
84 172
83 172
83 173
82 173
82 172
80 172
80 173
81 173
81 174
80 174
80 175
82 175
82 174
83 174
83 176
82 176
82 178
83 178
83 177
84 177
84 178
86 178
86 179
85 179
85 180
86 180
86 203
91 203
91 202
90 202
90 199
87 199
87 180
88 180
88 179
87 179
87 178
89 178
89 177
90 177
90 176
92 176
92 174
93 174
93 173
92 173
92 172
91 172
91 175
90 175
90 172
89 172
89 171
87 171
87 169
90 169
90 167
88 167
88 168
87 168
87 167
85 167
85 168
84 168
84 167
83 167
83 165
91 165
91 166
92 166
92 152
93 152
93 149
90 149
90 152
91 152
91 159
84 159
84 160
83 160
83 162
91 162
91 164
90 164
90 163
88 163
88 164
87 164
87 163
85 163
85 164
84 164
84 163
82 163
82 165
81 165
81 161
78 161
78 160
81 160
81 155
80 155
80 154
82 154
82 157
83 157
83 158
85 158
85 157
86 157
86 158
87 158
87 157
88 157
88 156
87 156
87 155
86 155
86 156
85 156
85 155
84 155
84 154
85 154
85 153
86 153
86 154
87 154
87 153
88 153
88 152
87 152
87 151
86 151
86 152
85 152
85 151
84 151
84 150
85 150
85 149
83 149
83 153
80 153
80 152
76 152
76 151
78 151
78 149
77 149
77 150
76 150
76 149
75 149
75 150
74 150
74 149
73 149
73 151
74 151
74 152
72 152
72 148
81 148
81 149
79 149
79 150
80 150
80 151
81 151
81 152
82 152
82 147
77 147
77 146
76 146
76 147
75 147
75 146
74 146
74 147
73 147
73 146
72 146
72 147
71 147
71 153
75 153
75 155
71 155
71 156
69 156
69 154
70 154
70 152
68 152
68 155
67 155
67 153
66 153
66 154
65 154
65 155
64 155
64 157
63 157
63 158
59 158
59 161
62 161
62 159
63 159
63 160
64 160
64 158
68 158
68 159
65 159
65 162
63 162
63 163
62 163
62 164
63 164
63 165
65 165
65 163
66 163
66 160
69 160
69 158
70 158
70 157
71 157
71 159
73 159
73 160
76 160
76 161
67 161
67 165
66 165
66 166
65 166
65 167
64 167
64 169
65 169
65 171
66 171
66 172
67 172
67 171
68 171
68 173
69 173
69 176
68 176
68 175
67 175
67 177
66 177
66 178
68 178
68 177
69 177
69 197
68 197
68 195
67 195
67 198
70 198
70 196
72 196
72 198
73 198
73 195
70 195
70 177
71 177
71 179
74 179
74 176
75 176
75 179
77 179
77 203
79 203
79 200
78 200
78 178
79 178
79 177
78 177
78 176
79 176
79 175
78 175
78 173
79 173
79 170
80 170
80 171
83 171
83 170
81 170
81 167
78 167
78 172
77 172
77 178
76 178
76 175
73 175
73 178
72 178
72 175
71 175
71 176
70 176
70 172
69 172
69 171
71 171
71 170
72 170
72 172
74 172
74 173
75 173
75 172
76 172
76 171
77 171
77 168
76 168
76 167
72 167
72 168
68 168
68 169
70 169
70 170
66 170
66 168
67 168
67 167
68 167
68 162
71 162
71 165
70 165
70 163
69 163
69 166
75 166
75 165
72 165
72 163
74 163
74 164
75 164
75 163
76 163
76 164
77 164
77 165
76 165
76 166
