840
68 419
71 419
71 418
72 418
72 416
73 416
73 413
72 413
72 412
74 412
74 411
75 411
75 410
76 410
76 409
78 409
78 408
87 408
87 407
89 407
89 406
92 406
92 405
94 405
94 404
95 404
95 403
97 403
97 402
98 402
98 401
99 401
99 400
101 400
101 399
102 399
102 398
103 398
103 396
104 396
104 395
105 395
105 394
106 394
106 393
107 393
107 392
108 392
108 390
109 390
109 388
110 388
110 387
111 387
111 385
112 385
112 382
113 382
113 381
114 381
114 379
115 379
115 376
116 376
116 374
117 374
117 371
119 371
119 370
122 370
122 369
124 369
124 368
126 368
126 367
128 367
128 366
131 366
131 365
132 365
132 364
135 364
135 367
139 367
139 366
140 366
140 362
143 362
143 361
144 361
144 364
147 364
147 367
155 367
155 381
146 381
146 374
151 374
151 377
150 377
150 375
147 375
147 380
154 380
154 371
143 371
143 384
158 384
158 358
159 358
159 354
162 354
162 353
163 353
163 352
167 352
167 351
163 351
163 350
167 350
167 349
168 349
168 345
164 345
164 346
163 346
163 349
159 349
159 348
161 348
161 339
165 339
165 338
166 338
166 334
162 334
162 335
161 335
161 338
160 338
160 337
159 337
159 334
156 334
156 333
155 333
155 332
156 332
156 329
159 329
159 328
160 328
160 325
163 325
163 324
165 324
165 322
164 322
164 321
167 321
167 320
175 320
175 321
174 321
174 323
173 323
173 329
174 329
174 332
175 332
175 333
176 333
176 334
177 334
177 346
175 346
175 347
174 347
174 348
172 348
172 350
171 350
171 351
170 351
170 360
171 360
171 361
172 361
172 363
174 363
174 364
175 364
175 365
173 365
173 368
175 368
175 369
174 369
174 370
172 370
172 372
171 372
171 373
170 373
170 382
171 382
171 383
172 383
172 385
174 385
174 386
175 386
175 387
183 387
183 390
175 390
175 391
174 391
174 392
172 392
172 394
171 394
171 395
170 395
170 404
171 404
171 405
172 405
172 407
174 407
174 408
175 408
175 409
184 409
184 408
185 408
185 407
187 407
187 405
188 405
188 404
189 404
189 401
192 401
192 404
193 404
193 405
194 405
194 407
196 407
196 408
197 408
197 409
206 409
206 408
207 408
207 407
209 407
209 405
210 405
210 404
211 404
211 395
210 395
210 394
209 394
209 392
207 392
207 391
206 391
206 390
197 390
197 391
196 391
196 392
194 392
194 394
193 394
193 395
192 395
192 398
189 398
189 395
188 395
188 394
187 394
187 392
185 392
185 391
184 391
184 390
186 390
186 387
184 387
184 386
185 386
185 385
187 385
187 383
188 383
188 382
193 382
193 383
194 383
194 385
196 385
196 386
197 386
197 387
206 387
206 386
207 386
207 385
209 385
209 383
210 383
210 382
211 382
211 377
219 377
219 363
229 363
229 365
228 365
228 368
229 368
229 370
232 370
232 369
233 369
233 368
235 368
235 365
232 365
232 360
216 360
216 374
211 374
211 373
210 373
210 372
209 372
209 370
207 370
207 369
206 369
206 368
197 368
197 369
196 369
196 370
194 370
194 372
193 372
193 373
192 373
192 379
189 379
189 373
188 373
188 372
187 372
187 370
185 370
185 369
184 369
184 368
176 368
176 365
184 365
184 364
185 364
185 363
187 363
187 361
188 361
188 360
189 360
189 354
192 354
192 360
193 360
193 361
194 361
194 363
196 363
196 364
197 364
197 365
206 365
206 364
207 364
207 363
209 363
209 361
210 361
210 360
211 360
211 357
236 357
236 372
225 372
225 364
221 364
221 370
222 370
222 375
239 375
239 354
211 354
211 351
210 351
210 350
209 350
209 348
207 348
207 347
206 347
206 346
197 346
197 347
196 347
196 348
194 348
194 350
193 350
193 351
188 351
188 350
187 350
187 348
185 348
185 347
184 347
184 346
180 346
180 340
181 340
181 338
182 338
182 335
181 335
181 334
183 334
183 333
184 333
184 332
185 332
185 331
187 331
187 330
196 330
196 329
198 329
198 328
201 328
201 327
203 327
203 326
204 326
204 325
206 325
206 324
207 324
207 323
208 323
208 322
210 322
210 321
211 321
211 320
212 320
212 318
213 318
213 317
214 317
214 316
215 316
215 315
216 315
216 314
217 314
217 312
218 312
218 310
219 310
219 309
220 309
220 307
221 307
221 304
222 304
222 303
223 303
223 301
224 301
224 298
225 298
225 296
226 296
226 293
228 293
228 292
231 292
231 291
233 291
233 290
235 290
235 289
237 289
237 288
240 288
240 287
241 287
241 286
244 286
244 285
245 285
245 281
244 281
244 279
243 279
243 278
242 278
242 277
237 277
237 278
235 278
235 279
234 279
234 280
233 280
233 281
231 281
231 282
229 282
229 284
227 284
227 285
225 285
225 287
223 287
223 288
222 288
222 289
218 289
218 290
214 290
214 291
210 291
210 292
208 292
208 293
205 293
205 294
202 294
202 295
200 295
200 296
198 296
198 297
196 297
196 298
194 298
194 299
193 299
193 300
191 300
191 301
190 301
190 302
189 302
189 303
188 303
188 304
187 304
187 306
185 306
185 308
184 308
184 310
183 310
183 312
182 312
182 315
181 315
181 316
180 316
180 317
178 317
178 318
177 318
177 319
176 319
176 318
168 318
168 316
164 316
164 317
157 317
157 321
155 321
155 317
151 317
151 321
149 321
149 322
146 322
146 332
150 332
150 330
148 330
148 331
147 331
147 323
150 323
150 322
152 322
152 318
154 318
154 322
158 322
158 318
163 318
163 320
160 320
160 321
159 321
159 324
156 324
156 325
155 325
155 328
153 328
153 324
149 324
149 325
148 325
148 329
151 329
151 333
147 333
147 334
146 334
146 335
145 335
145 331
142 331
142 328
137 328
137 331
138 331
138 329
141 329
141 332
140 332
140 330
139 330
139 333
140 333
140 336
144 336
144 337
143 337
143 338
142 338
142 346
138 346
138 347
137 347
137 351
141 351
141 350
142 350
142 347
143 347
143 348
144 348
144 350
146 350
146 351
147 351
147 352
156 352
156 351
157 351
157 350
158 350
158 354
154 354
154 355
150 355
150 356
154 356
154 359
157 359
157 383
144 383
144 372
153 372
153 379
148 379
148 376
149 376
149 378
152 378
152 373
145 373
145 382
156 382
156 366
148 366
148 363
149 363
149 362
150 362
150 365
152 365
152 363
151 363
151 362
153 362
153 361
152 361
152 357
150 357
150 359
151 359
151 361
149 361
149 359
145 359
145 360
144 360
144 357
147 357
147 356
148 356
148 353
146 353
146 352
144 352
144 353
143 353
143 357
140 357
140 358
139 358
139 362
136 362
136 359
135 359
135 357
134 357
134 356
133 356
133 355
128 355
128 356
126 356
126 357
125 357
125 358
124 358
124 359
122 359
122 360
120 360
120 362
118 362
118 363
116 363
116 365
114 365
114 366
113 366
113 367
109 367
109 368
105 368
105 369
101 369
101 370
99 370
99 371
96 371
96 372
93 372
93 373
91 373
91 374
89 374
89 375
87 375
87 376
85 376
85 377
84 377
84 378
82 378
82 379
81 379
81 380
80 380
80 381
79 381
79 382
78 382
78 384
76 384
76 386
75 386
75 388
74 388
74 390
73 390
73 393
72 393
72 394
71 394
71 395
69 395
69 396
68 396
68 397
67 397
67 398
66 398
66 399
65 399
65 401
64 401
64 407
65 407
65 410
66 410
66 411
67 411
67 412
68 412
