4310
112 96
112 98
113 98
113 97
116 97
116 96
115 96
115 95
116 95
116 94
115 94
115 91
112 91
112 81
111 81
111 79
110 79
110 78
109 78
109 76
114 76
114 78
115 78
115 79
116 79
116 78
117 78
117 79
118 79
118 78
120 78
120 76
118 76
118 75
117 75
117 72
116 72
116 73
110 73
110 72
109 72
109 71
108 71
108 70
107 70
107 69
106 69
106 68
107 68
107 65
108 65
108 63
109 63
109 62
110 62
110 63
111 63
111 64
112 64
112 65
113 65
113 69
114 69
114 65
115 65
115 64
116 64
116 63
117 63
117 64
118 64
118 65
119 65
119 69
120 69
120 65
121 65
121 64
122 64
122 63
127 63
127 64
128 64
128 65
129 65
129 66
130 66
130 70
131 70
131 66
132 66
132 65
133 65
133 64
134 64
134 63
136 63
136 64
137 64
137 65
138 65
138 66
139 66
139 70
140 70
140 66
141 66
141 65
142 65
142 64
143 64
143 63
147 63
147 66
148 66
148 71
147 71
147 73
146 73
146 75
145 75
145 77
144 77
144 83
145 83
145 84
146 84
146 83
147 83
147 82
148 82
148 80
149 80
149 79
152 79
152 80
151 80
151 85
150 85
150 90
149 90
149 96
148 96
148 101
147 101
147 107
146 107
146 109
145 109
145 110
144 110
144 119
145 119
145 120
144 120
144 121
146 121
146 122
147 122
147 123
149 123
149 119
150 119
150 115
151 115
151 105
152 105
152 100
153 100
153 96
154 96
154 92
155 92
155 87
156 87
156 83
157 83
157 78
158 78
158 77
159 77
159 76
160 76
160 77
161 77
161 81
162 81
162 82
164 82
164 81
165 81
165 77
166 77
166 81
167 81
167 77
168 77
168 76
169 76
169 75
170 75
170 76
171 76
171 77
172 77
172 81
173 81
173 77
174 77
174 76
175 76
175 75
178 75
178 76
179 76
179 77
180 77
180 78
181 78
181 82
182 82
182 78
183 78
183 77
184 77
184 76
185 76
185 75
187 75
187 76
188 76
188 77
189 77
189 78
190 78
190 82
191 82
191 78
192 78
192 77
193 77
193 76
195 76
195 77
196 77
196 78
197 78
197 82
198 82
198 78
199 78
199 77
200 77
200 76
201 76
201 75
205 75
205 76
204 76
204 78
202 78
202 79
203 79
203 81
205 81
205 82
206 82
206 81
208 81
208 79
209 79
209 81
210 81
210 83
211 83
211 85
212 85
212 89
211 89
211 88
207 88
207 91
206 91
206 94
208 94
208 95
210 95
210 98
209 98
209 105
210 105
210 107
211 107
211 108
212 108
212 109
213 109
213 110
215 110
215 108
216 108
216 107
217 107
217 106
218 106
218 104
219 104
219 98
218 98
218 94
219 94
219 95
220 95
220 97
221 97
221 96
224 96
224 95
226 95
226 96
227 96
227 97
228 97
228 98
229 98
229 102
230 102
230 105
229 105
229 112
227 112
227 113
225 113
225 114
224 114
224 115
222 115
222 116
220 116
220 117
217 117
217 118
216 118
216 119
214 119
214 120
212 120
212 121
206 121
206 122
204 122
204 123
194 123
194 124
182 124
182 125
180 125
180 126
178 126
178 127
176 127
176 128
173 128
173 129
171 129
171 130
169 130
169 131
151 131
151 130
149 130
149 129
147 129
147 128
145 128
145 127
143 127
143 126
141 126
141 125
138 125
138 124
136 124
136 123
134 123
134 122
133 122
133 121
130 121
130 120
128 120
128 119
126 119
126 118
124 118
124 117
122 117
122 116
119 116
119 115
117 115
117 114
114 114
114 113
104 113
104 114
103 114
103 113
101 113
101 112
99 112
99 111
97 111
97 110
93 110
93 109
86 109
86 108
85 108
85 107
83 107
83 106
81 106
81 105
79 105
79 104
78 104
78 103
76 103
76 102
75 102
75 101
73 101
73 100
72 100
72 99
70 99
70 98
69 98
69 97
67 97
67 96
66 96
66 95
65 95
65 94
64 94
64 93
63 93
63 92
62 92
62 91
61 91
61 90
60 90
60 88
59 88
59 86
58 86
58 84
57 84
57 82
56 82
56 81
55 81
55 78
54 78
54 76
53 76
53 74
52 74
52 73
51 73
51 71
50 71
50 69
49 69
49 65
48 65
48 64
47 64
47 63
46 63
46 62
45 62
45 60
44 60
44 59
42 59
42 52
41 52
41 46
40 46
40 44
39 44
39 42
38 42
38 41
31 41
31 40
30 40
30 39
29 39
29 37
30 37
30 30
31 30
31 28
33 28
33 29
35 29
35 30
37 30
37 31
38 31
38 32
40 32
40 33
42 33
42 34
45 34
45 35
51 35
51 36
63 36
63 37
75 37
75 38
78 38
78 39
82 39
82 40
87 40
87 41
94 41
94 42
102 42
102 43
108 43
108 44
117 44
117 45
124 45
124 46
148 46
148 47
183 47
183 46
185 46
185 45
195 45
195 44
206 44
206 43
220 43
220 42
226 42
226 41
235 41
235 40
240 40
240 39
243 39
243 38
247 38
247 37
250 37
250 36
254 36
254 35
257 35
257 34
261 34
261 33
272 33
272 32
274 32
274 31
275 31
275 30
276 30
276 29
277 29
277 24
276 24
276 23
271 23
271 24
270 24
270 25
268 25
268 26
258 26
258 27
253 27
253 28
250 28
250 29
246 29
246 30
243 30
243 31
239 31
239 32
236 32
236 33
231 33
231 34
223 34
223 35
216 35
216 36
202 36
202 37
191 37
191 38
181 38
181 39
179 39
179 40
152 40
152 39
128 39
128 38
121 38
121 37
112 37
112 36
106 36
106 35
98 35
98 34
91 34
91 33
86 33
86 32
82 32
82 31
79 31
79 30
67 30
67 29
56 29
56 28
50 28
50 27
46 27
46 26
44 26
44 25
42 25
42 24
41 24
41 23
39 23
39 22
37 22
37 21
35 21
35 20
25 20
25 21
24 21
24 26
23 26
23 33
22 33
22 44
23 44
23 45
24 45
24 46
26 46
26 47
27 47
27 48
33 48
33 50
34 50
34 56
35 56
35 63
36 63
36 64
37 64
37 65
38 65
38 66
39 66
39 68
40 68
40 69
42 69
42 73
43 73
43 75
44 75
44 77
45 77
45 78
46 78
46 80
47 80
47 82
48 82
48 84
49 84
49 86
50 86
50 88
51 88
51 90
52 90
52 92
53 92
53 94
54 94
54 95
55 95
55 97
56 97
56 98
57 98
57 99
59 99
59 100
60 100
60 101
61 101
61 102
62 102
62 103
63 103
63 104
65 104
65 105
66 105
66 106
68 106
68 107
69 107
69 108
71 108
71 109
72 109
72 110
67 110
67 111
62 111
62 112
59 112
59 113
56 113
56 114
54 114
54 115
52 115
52 114
51 114
51 112
50 112
50 110
49 110
49 109
47 109
47 108
45 108
45 107
43 107
43 106
41 106
41 105
37 105
37 104
32 104
32 103
27 103
27 106
28 106
28 108
29 108
29 110
30 110
30 111
31 111
31 112
32 112
32 113
33 113
33 114
35 114
35 115
37 115
37 116
39 116
39 117
46 117
46 118
48 118
48 119
47 119
47 120
46 120
46 121
44 121
44 122
43 122
43 124
42 124
42 125
41 125
41 126
40 126
40 128
39 128
39 127
35 127
35 126
27 126
27 127
24 127
24 128
23 128
23 129
21 129
21 131
5 131
5 135
4 135
4 140
3 140
3 141
4 141
4 144
3 144
3 146
2 146
2 149
1 149
1 150
2 150
2 151
3 151
3 152
4 152
4 153
5 153
5 154
11 154
11 153
12 153
12 156
13 156
13 157
15 157
15 159
13 159
13 160
12 160
12 159
11 159
11 160
10 160
10 159
9 159
9 157
5 157
5 156
3 156
3 157
4 157
4 159
5 159
5 160
6 160
6 162
7 162
7 172
10 172
10 175
11 175
11 176
10 176
10 177
11 177
11 178
8 178
8 179
7 179
7 177
6 177
6 176
5 176
5 180
6 180
6 186
12 186
12 194
15 194
15 209
40 209
40 210
41 210
41 211
42 211
42 210
43 210
43 209
47 209
47 212
46 212
46 215
44 215
44 216
43 216
43 217
42 217
42 219
41 219
41 225
42 225
42 229
43 229
43 234
42 234
42 236
41 236
41 237
40 237
40 240
39 240
39 246
40 246
40 249
39 249
39 255
40 255
40 258
39 258
39 259
38 259
38 260
37 260
37 262
36 262
36 268
37 268
37 271
36 271
36 270
35 270
35 269
34 269
34 265
33 265
33 269
32 269
32 270
31 270
31 271
30 271
30 272
29 272
29 271
28 271
28 268
27 268
27 269
21 269
21 268
20 268
20 267
19 267
19 266
18 266
18 265
17 265
17 264
18 264
18 261
19 261
19 259
20 259
20 256
19 256
19 255
20 255
20 250
21 250
21 243
20 243
20 244
19 244
19 246
18 246
18 248
17 248
17 250
16 250
16 252
15 252
15 253
14 253
14 255
13 255
13 259
12 259
12 266
11 266
11 267
10 267
10 268
9 268
9 269
8 269
8 273
7 273
7 275
5 275
5 276
6 276
6 278
8 278
8 279
9 279
9 278
11 278
11 276
12 276
12 278
13 278
13 280
14 280
14 282
15 282
15 286
14 286
14 285
10 285
10 288
9 288
9 291
11 291
11 292
13 292
13 295
12 295
12 302
13 302
13 304
14 304
14 305
15 305
15 306
16 306
16 307
18 307
18 305
19 305
19 304
20 304
20 303
21 303
21 301
22 301
22 295
21 295
21 291
22 291
22 292
23 292
23 294
24 294
24 293
27 293
27 292
26 292
26 291
27 291
27 290
26 290
26 287
23 287
23 277
22 277
22 275
21 275
21 274
20 274
20 272
25 272
25 274
26 274
26 275
27 275
27 274
28 274
28 275
29 275
29 274
31 274
31 275
32 275
32 276
33 276
33 280
34 280
34 276
35 276
35 275
36 275
36 274
37 274
37 276
38 276
38 277
37 277
37 279
36 279
36 281
35 281
35 283
34 283
34 289
35 289
35 290
36 290
36 289
37 289
37 288
38 288
38 286
39 286
39 285
40 285
40 292
39 292
39 294
38 294
38 295
37 295
37 296
36 296
36 297
35 297
35 299
34 299
34 305
35 305
35 306
34 306
34 307
33 307
33 309
32 309
32 315
33 315
33 320
32 320
32 328
31 328
31 330
30 330
30 336
31 336
31 337
32 337
32 336
34 336
34 337
36 337
36 336
37 336
37 338
36 338
36 343
35 343
35 345
34 345
34 344
33 344
33 340
32 340
32 344
31 344
31 345
30 345
30 346
29 346
29 345
28 345
28 342
27 342
27 343
21 343
21 342
20 342
20 341
19 341
19 340
18 340
18 339
17 339
17 338
18 338
18 335
19 335
19 333
20 333
20 330
19 330
19 329
20 329
20 324
21 324
21 317
20 317
20 318
19 318
19 320
18 320
18 322
17 322
17 324
16 324
16 326
15 326
15 327
14 327
14 329
13 329
13 333
12 333
12 340
11 340
11 341
10 341
10 342
9 342
9 343
8 343
8 347
7 347
7 349
5 349
5 350
6 350
6 352
8 352
8 353
9 353
9 352
11 352
11 350
12 350
12 352
13 352
13 354
14 354
14 356
15 356
15 360
14 360
14 359
10 359
10 362
9 362
9 365
11 365
11 366
13 366
13 369
12 369
12 376
13 376
13 378
14 378
14 379
15 379
15 380
16 380
16 381
18 381
18 379
19 379
19 378
20 378
20 377
21 377
21 375
22 375
22 369
21 369
21 365
22 365
22 366
23 366
23 368
24 368
24 367
27 367
27 366
26 366
26 365
27 365
27 364
26 364
26 361
23 361
23 351
22 351
22 349
21 349
21 348
20 348
20 346
25 346
25 348
26 348
26 349
27 349
27 348
28 348
28 349
30 349
30 350
31 350
31 351
32 351
32 362
31 362
31 363
30 363
30 372
31 372
31 373
30 373
30 374
32 374
32 375
33 375
33 376
35 376
35 375
36 375
36 376
39 376
39 372
40 372
40 368
41 368
41 359
42 359
42 355
43 355
43 349
44 349
44 351
45 351
45 352
44 352
44 353
46 353
46 354
47 354
47 355
49 355
49 351
50 351
50 347
51 347
51 337
52 337
52 335
54 335
54 334
55 334
55 323
56 323
56 322
57 322
57 330
58 330
58 331
57 331
57 332
59 332
59 333
60 333
60 334
62 334
62 330
63 330
63 326
66 326
66 322
67 322
67 318
68 318
68 308
69 308
69 303
70 303
70 299
71 299
71 295
72 295
72 292
74 292
74 293
75 293
75 295
74 295
74 301
73 301
73 303
72 303
72 304
71 304
71 313
72 313
72 314
71 314
71 315
73 315
73 316
74 316
74 317
75 317
75 315
76 315
76 313
77 313
77 309
78 309
78 299
79 299
79 295
80 295
80 293
81 293
81 292
82 292
82 296
81 296
81 302
80 302
80 307
79 307
79 313
78 313
78 315
77 315
77 316
76 316
76 332
77 332
77 333
76 333
76 334
78 334
78 335
79 335
79 336
81 336
81 332
82 332
82 328
83 328
83 319
85 319
85 315
86 315
86 311
87 311
87 303
88 303
88 299
89 299
89 292
90 292
90 290
91 290
91 289
92 289
92 290
93 290
93 294
94 294
94 300
93 300
93 302
92 302
92 303
91 303
91 312
92 312
92 313
91 313
91 314
93 314
93 315
94 315
94 316
96 316
96 312
97 312
97 308
98 308
98 298
99 298
99 293
100 293
100 289
101 289
101 285
102 285
102 280
103 280
103 276
104 276
104 271
105 271
105 270
106 270
106 269
107 269
107 270
108 270
108 274
109 274
109 275
111 275
111 274
112 274
112 263
113 263
113 262
114 262
114 260
115 260
115 259
116 259
116 257
117 257
117 249
116 249
116 248
115 248
115 247
114 247
114 246
112 246
112 245
108 245
108 240
109 240
109 237
110 237
110 228
111 228
111 226
112 226
112 225
113 225
113 223
114 223
114 215
113 215
113 214
112 214
112 213
111 213
111 212
120 212
120 172
141 172
141 190
142 190
142 191
125 191
125 176
124 176
124 175
138 175
138 178
137 178
137 188
128 188
128 178
133 178
133 179
132 179
132 180
131 180
131 186
132 186
132 181
133 181
133 180
134 180
134 177
127 177
127 189
138 189
138 179
139 179
139 176
140 176
140 174
123 174
123 177
124 177
124 192
143 192
143 189
142 189
142 171
120 171
120 162
116 162
116 149
86 149
86 147
74 147
74 137
64 137
64 136
63 136
63 134
62 134
62 133
61 133
61 131
60 131
60 130
59 130
59 129
58 129
58 128
57 128
57 127
55 127
55 126
49 126
49 125
50 125
50 124
51 124
51 123
52 123
52 122
54 122
54 121
55 121
55 120
57 120
57 119
59 119
59 118
62 118
62 117
69 117
69 116
71 116
71 117
77 117
77 116
78 116
78 114
81 114
81 115
82 115
82 116
84 116
84 117
86 117
86 118
91 118
91 117
93 117
93 118
95 118
95 119
97 119
97 120
99 120
99 121
100 121
100 122
103 122
103 123
108 123
108 122
109 122
109 121
110 121
110 120
111 120
111 121
113 121
113 122
116 122
116 123
118 123
118 124
121 124
121 125
122 125
122 126
124 126
124 127
127 127
127 128
129 128
129 129
130 129
130 130
133 130
133 131
134 131
134 132
138 132
138 133
139 133
139 134
142 134
142 135
143 135
143 136
145 136
145 137
148 137
148 138
157 138
157 139
162 139
162 142
158 142
158 151
164 151
164 146
160 146
160 149
162 149
162 148
161 148
161 147
163 147
163 150
159 150
159 143
163 143
163 144
160 144
160 145
164 145
164 143
166 143
166 144
165 144
165 145
166 145
166 146
165 146
165 147
166 147
166 148
165 148
165 149
166 149
166 151
168 151
168 146
174 146
174 150
171 150
171 149
173 149
173 147
172 147
172 148
170 148
170 151
172 151
172 152
170 152
170 153
169 153
169 152
168 152
168 153
167 153
167 152
165 152
165 155
167 155
167 154
168 154
168 155
169 155
169 154
170 154
170 155
172 155
172 156
170 156
170 157
169 157
169 156
168 156
168 157
167 157
167 158
168 158
168 159
169 159
169 158
170 158
170 159
175 159
175 156
173 156
173 155
175 155
175 154
176 154
176 155
177 155
177 156
176 156
176 159
179 159
179 158
180 158
180 159
181 159
181 158
182 158
182 157
181 157
181 156
180 156
180 157
179 157
179 156
178 156
178 155
179 155
179 154
180 154
180 155
181 155
181 154
182 154
182 153
181 153
181 152
180 152
180 153
179 153
179 152
176 152
176 153
175 153
175 152
173 152
173 151
175 151
175 145
168 145
168 142
163 142
163 139
182 139
182 140
200 140
200 141
225 141
225 142
238 142
238 143
244 143
244 144
247 144
247 145
249 145
249 146
251 146
251 147
253 147
253 148
254 148
254 151
252 151
252 152
250 152
250 153
249 153
249 162
248 162
248 164
246 164
246 165
245 165
245 167
243 167
243 168
242 168
242 170
240 170
240 171
238 171
238 172
236 172
236 173
234 173
234 174
232 174
232 175
231 175
231 176
229 176
229 177
226 177
226 178
224 178
224 179
220 179
220 180
211 180
211 181
199 181
199 182
195 182
195 183
193 183
193 184
189 184
189 185
185 185
185 186
184 186
184 187
177 187
177 188
163 188
163 166
179 166
179 184
165 184
165 168
177 168
177 182
167 182
167 170
175 170
175 180
169 180
169 172
173 172
173 178
171 178
171 176
172 176
172 175
171 175
171 174
172 174
172 173
170 173
170 179
174 179
174 171
168 171
168 181
176 181
176 169
166 169
166 183
178 183
178 167
164 167
164 185
180 185
180 165
162 165
162 188
149 188
149 189
148 189
148 194
149 194
149 195
180 195
180 194
188 194
188 193
189 193
189 192
192 192
192 191
197 191
197 190
199 190
199 189
203 189
203 188
215 188
215 187
223 187
223 186
224 186
224 187
237 187
237 188
241 188
241 189
243 189
243 190
245 190
245 191
247 191
247 192
249 192
249 193
251 193
251 194
252 194
252 195
253 195
253 196
254 196
254 198
252 198
252 199
250 199
250 200
248 200
248 201
245 201
245 202
240 202
240 203
236 203
236 204
232 204
232 205
228 205
228 206
206 206
206 207
204 207
204 208
202 208
202 209
191 209
191 210
180 210
180 211
153 211
153 212
147 212
147 213
141 213
141 214
137 214
137 215
136 215
136 217
135 217
135 219
134 219
134 223
133 223
133 254
134 254
134 256
135 256
135 258
136 258
136 260
137 260
137 261
138 261
138 262
139 262
139 263
140 263
140 265
141 265
141 266
142 266
142 267
143 267
143 268
144 268
144 269
145 269
145 270
147 270
147 271
149 271
149 272
151 272
151 273
152 273
152 274
154 274
154 275
155 275
155 276
157 276
157 279
156 279
156 281
155 281
155 284
154 284
154 286
153 286
153 288
152 288
152 290
151 290
151 292
150 292
150 293
149 293
149 296
147 296
147 297
145 297
145 298
143 298
143 299
140 299
140 300
136 300
136 301
132 301
132 302
124 302
124 303
120 303
120 304
119 304
119 305
118 305
118 307
117 307
117 314
118 314
118 315
119 315
119 316
121 316
121 317
122 317
122 318
123 318
123 319
126 319
126 320
127 320
127 321
129 321
129 322
131 322
131 323
132 323
132 324
135 324
135 325
137 325
137 326
139 326
139 327
141 327
141 328
142 328
142 329
144 329
144 330
146 330
146 331
148 331
148 332
151 332
151 333
152 333
152 334
155 334
155 335
156 335
156 336
158 336
158 337
160 337
160 338
163 338
163 339
165 339
165 340
167 340
167 341
168 341
168 342
171 342
171 343
173 343
173 344
174 344
174 345
177 345
177 346
178 346
178 347
181 347
181 348
184 348
184 349
185 349
185 350
186 350
186 351
187 351
187 352
188 352
188 353
189 353
189 354
191 354
191 355
193 355
193 356
195 356
195 357
198 357
198 358
199 358
199 359
201 359
201 360
196 360
196 361
193 361
193 362
190 362
190 363
188 363
188 364
186 364
186 363
185 363
185 361
184 361
184 359
183 359
183 358
181 358
181 357
179 357
179 356
177 356
177 355
175 355
175 354
171 354
171 353
166 353
166 352
164 352
164 345
163 345
163 344
162 344
162 343
161 343
161 342
159 342
159 341
155 341
155 340
145 340
145 341
143 341
143 342
142 342
142 343
141 343
141 345
140 345
140 348
139 348
139 347
138 347
138 346
137 346
137 345
136 345
136 341
135 341
135 345
134 345
134 346
133 346
133 347
132 347
132 348
128 348
128 347
127 347
127 346
126 346
126 345
125 345
125 341
124 341
124 345
123 345
123 346
122 346
122 347
121 347
121 348
119 348
119 341
118 341
118 340
117 340
117 339
116 339
116 338
114 338
114 337
110 337
110 336
100 336
100 337
98 337
98 338
97 338
97 339
96 339
96 341
95 341
95 347
96 347
96 351
97 351
97 356
96 356
96 358
95 358
95 360
94 360
94 362
93 362
93 368
94 368
94 369
95 369
95 368
96 368
96 367
97 367
97 365
98 365
98 364
101 364
101 365
100 365
100 370
99 370
99 375
98 375
98 381
97 381
97 386
96 386
96 392
95 392
95 394
94 394
94 395
93 395
93 404
94 404
94 405
93 405
93 406
95 406
95 407
96 407
96 408
98 408
98 404
99 404
99 400
100 400
100 390
101 390
101 385
102 385
102 381
103 381
103 377
104 377
104 372
105 372
105 368
106 368
106 363
107 363
107 362
108 362
108 361
109 361
109 362
110 362
110 366
111 366
111 367
113 367
113 366
114 366
114 355
115 355
115 354
116 354
116 352
117 352
117 351
118 351
118 349
121 349
121 350
122 350
122 351
123 351
123 352
124 352
124 356
125 356
125 352
126 352
126 351
127 351
127 350
128 350
128 349
132 349
132 350
133 350
133 351
134 351
134 352
135 352
135 356
136 356
136 352
137 352
137 351
138 351
138 350
139 350
139 349
140 349
140 351
141 351
141 355
142 355
142 360
141 360
141 362
140 362
140 364
139 364
139 366
138 366
138 372
139 372
139 373
140 373
140 372
141 372
141 371
142 371
142 369
143 369
143 368
146 368
146 369
145 369
145 374
144 374
144 379
143 379
143 385
142 385
142 390
141 390
141 396
140 396
140 398
139 398
139 399
138 399
138 408
139 408
139 409
138 409
138 410
140 410
140 411
141 411
141 412
143 412
143 408
144 408
144 404
145 404
145 394
146 394
146 389
147 389
147 385
148 385
148 381
149 381
149 376
150 376
150 372
151 372
151 367
152 367
152 366
153 366
153 365
154 365
154 366
155 366
155 370
156 370
156 371
158 371
158 370
159 370
159 359
160 359
160 358
161 358
161 356
162 356
162 357
163 357
163 359
164 359
164 360
165 360
165 361
166 361
166 362
167 362
167 363
169 363
169 364
171 364
171 365
173 365
173 366
180 366
180 367
182 367
182 368
181 368
181 369
180 369
180 370
178 370
178 371
177 371
177 373
176 373
176 374
175 374
175 375
174 375
174 377
173 377
173 376
169 376
169 375
161 375
161 376
158 376
158 377
157 377
157 378
155 378
155 380
154 380
154 381
153 381
153 383
152 383
152 385
151 385
151 389
150 389
150 404
149 404
149 406
153 406
153 405
157 405
157 404
161 404
161 403
164 403
164 402
166 402
166 401
169 401
169 400
171 400
171 399
172 399
172 398
174 398
174 397
175 397
175 396
176 396
176 395
177 395
177 394
178 394
178 392
179 392
179 390
180 390
180 385
181 385
181 386
182 386
182 387
183 387
183 388
185 388
185 389
187 389
187 390
189 390
189 391
192 391
192 392
196 392
196 393
200 393
200 390
199 390
199 387
198 387
198 385
197 385
197 383
196 383
196 382
195 382
195 380
194 380
194 379
193 379
193 378
192 378
192 377
191 377
191 376
189 376
189 375
183 375
183 374
184 374
184 373
185 373
185 372
186 372
186 371
188 371
188 370
189 370
189 369
191 369
191 368
193 368
193 367
196 367
196 366
203 366
203 365
205 365
205 366
211 366
211 365
212 365
212 364
214 364
214 365
217 365
217 366
220 366
220 367
224 367
224 368
227 368
227 369
230 369
230 370
232 370
232 371
236 371
236 372
238 372
238 373
239 373
239 374
241 374
241 375
243 375
243 376
245 376
245 377
248 377
248 378
250 378
250 379
255 379
255 378
256 378
256 372
257 372
257 371
260 371
260 372
261 372
261 374
257 374
257 375
261 375
261 376
262 376
262 377
263 377
263 378
264 378
264 382
265 382
265 378
266 378
266 377
267 377
267 376
268 376
268 375
272 375
272 374
268 374
268 373
267 373
267 371
271 371
271 370
267 370
267 369
269 369
269 365
270 365
270 361
271 361
271 351
272 351
272 346
273 346
273 342
274 342
274 338
275 338
275 333
276 333
276 329
277 329
277 324
278 324
278 323
279 323
279 322
280 322
280 323
281 323
281 327
282 327
282 328
284 328
284 327
285 327
285 316
286 316
286 315
287 315
287 313
288 313
288 312
289 312
289 310
290 310
290 302
289 302
289 301
288 301
288 300
287 300
287 299
285 299
285 298
281 298
281 297
271 297
271 298
269 298
269 299
268 299
268 300
267 300
267 302
266 302
266 308
267 308
267 312
268 312
268 317
267 317
267 319
266 319
266 321
265 321
265 323
264 323
264 329
265 329
265 330
266 330
266 329
267 329
267 328
268 328
268 326
269 326
269 325
272 325
272 326
271 326
271 331
270 331
270 336
269 336
269 342
268 342
268 347
267 347
267 353
266 353
266 355
265 355
265 356
264 356
264 363
263 363
263 367
262 367
262 368
261 368
261 369
258 369
258 368
257 368
257 367
256 367
256 366
255 366
255 362
254 362
254 366
253 366
253 367
252 367
252 368
251 368
251 369
247 369
247 368
245 368
245 367
243 367
243 366
242 366
242 364
243 364
243 363
247 363
247 362
243 362
243 361
242 361
242 360
241 360
241 359
242 359
242 357
243 357
243 351
242 351
242 347
243 347
243 348
244 348
244 350
245 350
245 349
248 349
248 348
247 348
247 347
248 347
248 346
247 346
247 343
244 343
244 333
243 333
243 331
242 331
242 330
241 330
241 328
246 328
246 330
247 330
247 331
248 331
248 330
249 330
249 331
250 331
250 330
252 330
252 328
250 328
250 327
249 327
249 324
248 324
248 325
242 325
242 324
241 324
241 323
240 323
240 322
239 322
239 321
238 321
238 320
239 320
239 317
240 317
240 315
241 315
241 312
240 312
240 311
241 311
241 306
242 306
242 299
241 299
241 300
240 300
240 302
239 302
239 304
238 304
238 306
237 306
237 308
236 308
236 309
235 309
235 311
234 311
234 315
233 315
233 322
232 322
232 323
231 323
231 324
230 324
230 325
229 325
229 329
228 329
228 331
226 331
226 332
227 332
227 334
229 334
229 335
230 335
230 334
232 334
232 332
233 332
233 334
234 334
234 336
235 336
235 338
236 338
236 342
235 342
235 341
231 341
231 344
230 344
230 347
232 347
232 348
234 348
234 351
233 351
233 358
234 358
234 360
235 360
235 361
236 361
236 362
231 362
231 361
228 361
228 360
225 360
225 359
221 359
221 358
217 358
217 357
215 357
215 356
211 356
211 355
210 355
210 354
206 354
206 353
205 353
205 352
203 352
203 351
201 351
201 350
199 350
199 349
197 349
197 348
195 348
195 347
193 347
193 346
192 346
192 345
191 345
191 344
190 344
190 343
189 343
189 342
187 342
187 341
185 341
185 340
182 340
182 339
180 339
180 338
178 338
178 337
177 337
177 336
174 336
174 335
172 335
172 334
171 334
171 333
169 333
169 332
167 332
167 331
164 331
164 330
162 330
162 329
160 329
160 328
158 328
158 327
156 327
156 326
154 326
154 325
152 325
152 324
150 324
150 323
148 323
148 322
146 322
146 321
145 321
145 320
143 320
143 319
141 319
141 318
138 318
138 317
136 317
136 316
135 316
135 315
133 315
133 314
131 314
131 313
130 313
130 312
127 312
127 311
126 311
126 310
128 310
128 309
135 309
135 308
140 308
140 307
144 307
144 306
147 306
147 305
148 305
148 304
155 304
155 303
156 303
156 298
157 298
157 297
159 297
159 296
161 296
161 295
174 295
174 294
177 294
177 298
176 298
176 327
177 327
177 328
182 328
182 327
183 327
183 302
184 302
184 298
185 298
185 296
186 296
186 294
190 294
190 295
209 295
209 296
260 296
260 295
261 295
261 290
260 290
260 289
222 289
222 288
224 288
224 287
227 287
227 286
229 286
229 285
230 285
230 284
232 284
232 283
233 283
233 282
234 282
234 281
235 281
235 280
236 280
236 278
237 278
237 276
238 276
238 271
239 271
239 272
240 272
240 273
241 273
241 274
243 274
243 275
245 275
245 276
247 276
247 277
250 277
250 278
254 278
254 279
258 279
258 276
257 276
257 273
256 273
256 271
255 271
255 269
254 269
254 268
253 268
253 266
252 266
252 265
251 265
251 264
250 264
250 263
249 263
249 262
247 262
247 261
241 261
241 260
242 260
242 259
243 259
243 258
244 258
244 257
246 257
246 256
247 256
247 255
249 255
249 254
251 254
251 253
254 253
254 252
261 252
261 251
263 251
263 252
267 252
267 257
266 257
266 259
265 259
265 260
264 260
264 269
265 269
265 270
264 270
264 271
266 271
266 272
267 272
267 273
269 273
269 269
270 269
270 265
271 265
271 255
272 255
272 250
273 250
273 246
274 246
274 242
275 242
275 237
276 237
276 233
277 233
277 228
278 228
278 227
279 227
279 226
280 226
280 227
281 227
281 231
282 231
282 232
284 232
284 231
285 231
285 220
286 220
286 219
287 219
287 217
288 217
288 216
289 216
289 214
290 214
290 206
289 206
289 205
288 205
288 204
287 204
287 203
285 203
285 202
281 202
281 201
271 201
271 202
269 202
269 203
268 203
268 204
267 204
267 206
266 206
266 212
267 212
267 216
268 216
268 221
267 221
267 223
266 223
266 225
265 225
265 227
264 227
264 233
265 233
265 234
266 234
266 233
267 233
267 232
268 232
268 230
269 230
269 229
272 229
272 230
271 230
271 235
270 235
270 240
269 240
269 245
259 245
259 246
254 246
254 247
251 247
251 248
248 248
248 249
246 249
246 250
244 250
244 249
243 249
243 247
242 247
242 245
241 245
241 244
239 244
239 243
237 243
237 242
235 242
235 241
233 241
233 240
229 240
229 239
224 239
224 238
219 238
219 241
220 241
220 243
221 243
221 245
222 245
222 246
223 246
223 247
224 247
224 248
225 248
225 249
227 249
227 250
229 250
229 251
231 251
231 252
238 252
238 253
240 253
240 254
239 254
239 255
238 255
238 256
236 256
236 257
235 257
235 259
234 259
234 260
233 260
233 261
232 261
232 263
231 263
231 262
227 262
227 261
219 261
219 262
216 262
216 263
215 263
215 264
213 264
213 266
212 266
212 267
211 267
211 269
210 269
210 271
209 271
209 275
208 275
208 288
194 288
194 287
171 287
171 288
162 288
162 285
163 285
163 283
164 283
164 279
166 279
166 278
167 278
167 275
175 275
175 274
177 274
177 273
178 273
178 272
180 272
180 271
182 271
182 270
184 270
184 269
186 269
186 268
188 268
188 267
190 267
190 266
192 266
192 265
193 265
193 264
194 264
194 263
195 263
195 261
196 261
196 258
197 258
197 255
198 255
198 253
199 253
199 251
200 251
200 249
201 249
201 247
202 247
202 245
203 245
203 242
204 242
204 238
205 238
205 234
206 234
206 231
207 231
207 225
206 225
206 224
201 224
201 225
200 225
200 227
199 227
199 230
198 230
198 235
197 235
197 238
196 238
196 241
195 241
195 243
194 243
194 245
193 245
193 247
192 247
192 249
191 249
191 251
190 251
190 254
189 254
189 257
188 257
188 259
186 259
186 260
184 260
184 261
182 261
182 262
180 262
180 263
178 263
178 264
176 264
176 265
174 265
174 266
173 266
173 267
171 267
171 268
163 268
163 269
159 269
159 268
158 268
158 267
156 267
156 266
155 266
155 265
153 265
153 264
151 264
151 263
150 263
150 262
149 262
149 261
148 261
148 260
147 260
147 259
146 259
146 258
145 258
145 256
144 256
144 255
143 255
143 254
142 254
142 252
141 252
141 250
140 250
140 227
141 227
141 223
142 223
142 221
145 221
145 220
151 220
151 219
157 219
157 218
184 218
184 217
195 217
195 216
206 216
206 215
208 215
208 214
210 214
210 213
232 213
232 212
236 212
236 211
240 211
240 210
244 210
244 209
249 209
249 208
252 208
252 207
254 207
254 206
256 206
256 205
258 205
258 204
260 204
260 203
261 203
261 201
262 201
262 195
261 195
261 194
260 194
260 191
259 191
259 189
258 189
258 188
257 188
257 187
255 187
255 186
253 186
253 185
251 185
251 184
249 184
249 183
247 183
247 182
245 182
245 181
241 181
241 180
240 180
240 179
242 179
242 178
244 178
244 177
246 177
246 176
247 176
247 175
248 175
248 174
249 174
249 173
250 173
250 172
251 172
251 171
252 171
252 170
253 170
253 169
254 169
254 168
255 168
255 166
256 166
256 158
258 158
258 157
259 157
259 156
260 156
260 155
261 155
261 150
262 150
262 149
263 149
263 144
262 144
262 143
261 143
261 142
259 142
259 141
257 141
257 140
255 140
255 139
253 139
253 138
250 138
250 137
248 137
248 136
242 136
242 135
229 135
229 134
204 134
204 133
186 133
186 131
198 131
198 130
208 130
208 129
210 129
210 128
216 128
216 127
218 127
218 126
220 126
220 125
221 125
221 124
224 124
224 123
226 123
226 122
232 122
232 121
236 121
236 120
240 120
240 119
243 119
243 118
245 118
245 117
248 117
248 116
250 116
250 115
251 115
251 114
253 114
253 113
254 113
254 112
255 112
255 111
256 111
256 110
257 110
257 108
258 108
258 106
259 106
259 101
260 101
260 102
261 102
261 103
262 103
262 104
264 104
264 105
266 105
266 106
268 106
268 107
271 107
271 108
275 108
275 109
279 109
279 106
278 106
278 103
277 103
277 101
276 101
276 99
275 99
275 98
274 98
274 96
273 96
273 95
272 95
272 94
271 94
271 93
270 93
270 92
268 92
268 91
262 91
262 90
263 90
263 89
264 89
264 88
265 88
265 87
267 87
267 86
268 86
268 85
270 85
270 84
272 84
272 83
275 83
275 82
282 82
282 81
284 81
284 82
290 82
290 81
291 81
291 79
292 79
292 75
280 75
280 76
275 76
275 77
272 77
272 78
270 78
270 76
271 76
271 74
272 74
272 72
273 72
273 70
274 70
274 65
275 65
275 63
276 63
276 62
277 62
277 57
278 57
278 44
279 44
279 38
278 38
278 37
273 37
273 38
272 38
272 40
271 40
271 53
270 53
270 58
269 58
269 60
268 60
268 62
267 62
267 66
266 66
266 68
265 68
265 70
264 70
264 72
263 72
263 74
260 74
260 73
258 73
258 72
256 72
256 71
254 71
254 70
250 70
250 69
245 69
245 68
240 68
240 71
241 71
241 73
242 73
242 75
243 75
243 76
244 76
244 77
245 77
245 78
246 78
246 79
248 79
248 80
250 80
250 81
252 81
252 82
257 82
257 84
256 84
256 86
255 86
255 88
254 88
254 89
253 89
253 91
252 91
252 92
248 92
248 91
240 91
240 92
237 92
237 93
236 93
236 94
233 94
233 93
232 93
232 92
231 92
231 91
230 91
230 87
229 87
229 91
228 91
228 92
227 92
227 93
226 93
226 94
224 94
224 93
223 93
223 90
220 90
220 80
219 80
219 78
218 78
218 77
217 77
217 75
222 75
222 77
223 77
223 78
224 78
224 77
225 77
225 78
226 78
226 77
228 77
228 75
226 75
226 74
225 74
225 71
224 71
224 72
218 72
218 71
217 71
217 70
216 70
216 69
215 69
215 68
214 68
214 67
215 67
215 64
216 64
216 62
217 62
217 59
216 59
216 58
217 58
217 53
218 53
218 46
217 46
217 47
216 47
216 49
215 49
215 51
214 51
214 53
213 53
213 55
212 55
212 56
211 56
211 58
210 58
210 62
209 62
209 69
208 69
208 70
207 70
207 71
206 71
206 72
205 72
205 74
201 74
201 73
200 73
200 72
199 72
199 71
198 71
198 67
197 67
197 71
196 71
196 72
195 72
195 73
193 73
193 72
192 72
192 71
191 71
191 67
190 67
190 71
189 71
189 72
188 72
188 73
187 73
187 74
185 74
185 73
184 73
184 72
183 72
183 71
182 71
182 67
181 67
181 71
180 71
180 72
179 72
179 73
176 73
176 72
175 72
175 71
174 71
174 70
173 70
173 66
172 66
172 70
171 70
171 71
170 71
170 72
169 72
169 71
168 71
168 70
167 70
167 67
168 67
168 66
169 66
169 64
170 64
170 56
169 56
169 55
168 55
168 54
167 54
167 53
165 53
165 52
161 52
161 51
151 51
151 52
149 52
149 53
148 53
148 54
147 54
147 56
146 56
146 62
143 62
143 61
142 61
142 60
141 60
141 59
140 59
140 55
139 55
139 59
138 59
138 60
137 60
137 61
136 61
136 62
134 62
134 61
133 61
133 60
132 60
132 59
131 59
131 55
130 55
130 59
129 59
129 60
128 60
128 61
123 61
123 60
122 60
122 59
121 59
121 58
120 58
120 54
119 54
119 58
118 58
118 59
117 59
117 60
116 60
116 59
115 59
115 58
114 58
114 54
113 54
113 58
112 58
112 59
111 59
111 60
110 60
110 61
109 61
109 60
108 60
108 59
109 59
109 54
110 54
110 47
109 47
109 48
108 48
108 50
107 50
107 52
106 52
106 54
105 54
105 56
104 56
104 57
103 57
103 59
102 59
102 63
101 63
101 70
100 70
100 71
99 71
99 72
98 72
98 73
97 73
97 77
96 77
96 79
94 79
94 80
95 80
95 82
97 82
97 83
98 83
98 82
100 82
100 80
101 80
101 82
102 82
102 84
103 84
103 86
104 86
104 90
103 90
103 89
99 89
99 92
98 92
98 95
100 95
100 96
102 96
102 99
101 99
101 106
102 106
102 108
103 108
103 109
104 109
104 110
105 110
105 111
107 111
107 109
108 109
108 108
109 108
109 107
110 107
110 105
111 105
111 99
110 99
110 95
111 95
111 96
