7302
651 14914
651 14913
652 14913
652 14889
653 14889
653 14888
654 14888
654 14887
655 14887
655 14886
656 14886
656 14885
657 14885
657 14884
658 14884
658 14877
659 14877
659 14876
660 14876
660 14875
661 14875
661 14874
662 14874
662 14873
663 14873
663 14827
662 14827
662 14825
661 14825
661 14824
660 14824
660 14823
658 14823
658 14815
656 14815
656 14814
655 14814
655 14812
653 14812
653 14811
652 14811
652 14804
647 14804
647 14799
646 14799
646 14798
644 14798
644 14796
643 14796
643 14795
641 14795
641 14788
636 14788
636 14783
634 14783
634 14782
630 14782
630 14777
625 14777
625 14772
624 14772
624 14770
622 14770
622 14769
621 14769
621 14767
619 14767
619 14766
614 14766
614 14762
613 14762
613 14760
612 14760
612 14758
610 14758
610 14757
609 14757
609 14756
607 14756
607 14755
603 14755
603 14745
602 14745
602 14744
597 14744
597 14739
596 14739
596 14738
592 14738
592 14734
591 14734
591 14733
586 14733
586 14728
585 14728
585 14727
581 14727
581 14723
580 14723
580 14722
575 14722
575 14717
574 14717
574 14716
568 14716
568 14715
567 14715
567 14713
566 14713
566 14712
564 14712
564 14711
553 14711
553 14706
552 14706
552 14705
542 14705
542 14701
541 14701
541 14700
530 14700
530 14698
528 14698
528 14697
527 14697
527 14695
526 14695
526 14690
525 14690
525 14689
519 14689
519 14688
520 14688
520 14687
525 14687
525 14686
526 14686
526 14685
527 14685
527 14684
528 14684
528 14683
530 14683
530 14681
536 14681
536 14680
537 14680
537 14679
538 14679
538 14678
539 14678
539 14677
541 14677
541 14676
542 14676
542 14675
543 14675
543 14674
544 14674
544 14673
545 14673
545 14672
547 14672
547 14670
548 14670
548 14669
549 14669
549 14668
550 14668
550 14667
552 14667
552 14666
553 14666
553 14665
558 14665
558 14664
559 14664
559 14663
560 14663
560 14662
561 14662
561 14661
563 14661
563 14659
565 14659
565 14658
566 14658
566 14657
567 14657
567 14656
568 14656
568 14655
570 14655
570 14654
575 14654
575 14653
576 14653
576 14652
577 14652
577 14651
578 14651
578 14650
580 14650
580 14648
586 14648
586 14647
587 14647
587 14646
588 14646
588 14645
589 14645
589 14644
591 14644
591 14643
592 14643
592 14641
594 14641
594 14640
595 14640
595 14639
596 14639
596 14638
597 14638
597 14637
599 14637
599 14635
600 14635
600 14634
601 14634
601 14633
603 14633
603 14632
608 14632
608 14631
609 14631
609 14630
610 14630
610 14629
611 14629
611 14628
613 14628
613 14626
614 14626
614 14625
615 14625
615 14624
616 14624
616 14623
618 14623
618 14622
619 14622
619 14620
620 14620
620 14619
621 14619
621 14618
622 14618
622 14617
624 14617
624 14616
625 14616
625 14615
631 14615
631 14614
632 14614
632 14613
633 14613
633 14612
634 14612
634 14611
636 14611
636 14610
641 14610
641 14609
642 14609
642 14608
643 14608
643 14607
644 14607
644 14606
646 14606
646 14604
652 14604
652 14603
653 14603
653 14602
654 14602
654 14601
655 14601
655 14600
657 14600
657 14599
658 14599
658 14597
659 14597
659 14596
660 14596
660 14595
662 14595
662 14594
663 14594
663 14592
664 14592
664 14591
665 14591
665 14590
666 14590
666 14589
668 14589
668 14588
669 14588
669 14586
670 14586
670 14585
671 14585
671 14584
673 14584
673 14583
674 14583
674 14581
675 14581
675 14580
676 14580
676 14579
677 14579
677 14578
679 14578
679 14577
680 14577
680 14575
681 14575
681 14574
682 14574
682 14573
684 14573
684 14572
685 14572
685 14570
686 14570
686 14569
687 14569
687 14568
688 14568
688 14567
690 14567
690 14565
691 14565
691 14564
692 14564
692 14563
693 14563
693 14562
694 14562
694 14561
695 14561
695 14560
696 14560
696 14554
697 14554
697 14553
698 14553
698 14552
699 14552
699 14551
700 14551
700 14550
701 14550
701 14548
702 14548
702 14547
703 14547
703 14546
704 14546
704 14545
705 14545
705 14544
706 14544
706 14543
707 14543
707 14538
708 14538
708 14537
709 14537
709 14536
710 14536
710 14535
711 14535
711 14534
712 14534
712 14533
713 14533
713 14469
707 14469
707 14452
706 14452
706 14451
705 14451
705 14450
703 14450
703 14448
702 14448
702 14437
701 14437
701 14435
700 14435
700 14434
698 14434
698 14432
697 14432
697 14431
696 14431
696 14419
691 14419
691 14409
689 14409
689 14408
685 14408
685 14398
684 14398
684 14397
680 14397
680 14392
674 14392
674 14381
669 14381
669 14377
668 14377
668 14375
658 14375
658 14370
647 14370
647 14365
645 14365
645 14364
646 14364
646 14362
647 14362
647 14361
648 14361
648 14360
649 14360
649 14359
651 14359
651 14358
652 14358
652 14357
657 14357
657 14356
658 14356
658 14355
659 14355
659 14354
660 14354
660 14353
662 14353
662 14351
663 14351
663 14350
664 14350
664 14349
665 14349
665 14348
667 14348
667 14346
668 14346
668 14345
669 14345
669 14344
670 14344
670 14343
671 14343
671 14342
672 14342
672 14341
673 14341
673 14339
674 14339
674 14334
675 14334
675 14333
676 14333
676 14332
677 14332
677 14331
678 14331
678 14330
679 14330
679 14328
680 14328
680 14327
681 14327
681 14326
682 14326
682 14325
683 14325
683 14324
684 14324
684 14323
685 14323
685 14312
686 14312
686 14311
687 14311
687 14310
688 14310
688 14309
689 14309
689 14308
690 14308
690 14307
691 14307
691 14294
692 14294
692 14293
693 14293
693 14292
694 14292
694 14291
695 14291
695 14290
696 14290
696 14274
697 14274
697 14273
698 14273
698 14272
699 14272
699 14271
700 14271
700 14270
701 14270
701 14268
702 14268
702 14246
703 14246
703 14245
704 14245
704 14244
705 14244
705 14242
706 14242
706 14241
707 14241
707 14224
708 14224
708 14223
709 14223
709 14222
710 14222
710 14221
711 14221
711 14220
712 14220
712 14219
713 14219
713 14167
711 14167
711 14166
707 14166
707 14160
706 14160
706 14159
704 14159
704 14158
703 14158
703 14156
702 14156
702 14145
700 14145
700 14144
696 14144
696 14134
695 14134
695 14133
691 14133
691 14128
689 14128
689 14126
688 14126
688 14125
686 14125
686 14123
685 14123
685 14117
680 14117
680 14112
678 14112
678 14110
677 14110
677 14109
676 14109
676 14107
674 14107
674 14106
669 14106
669 14101
668 14101
668 14100
663 14100
663 14095
652 14095
652 14090
651 14090
651 14089
635 14089
635 14088
634 14088
634 14087
632 14087
632 14086
631 14086
631 14084
613 14084
613 14083
612 14083
612 14082
610 14082
610 14080
609 14080
609 14079
607 14079
607 14078
596 14078
596 14077
594 14077
594 14075
593 14075
593 14074
592 14074
592 14073
570 14073
570 14069
569 14069
569 14067
511 14067
511 14068
510 14068
510 14069
509 14069
509 14070
508 14070
508 14071
507 14071
507 14072
506 14072
506 14073
500 14073
500 14074
499 14074
499 14075
498 14075
498 14076
497 14076
497 14077
496 14077
496 14078
489 14078
489 14079
488 14079
488 14080
487 14080
487 14081
486 14081
486 14082
485 14082
485 14083
484 14083
484 14084
478 14084
478 14085
477 14085
477 14086
476 14086
476 14087
475 14087
475 14088
474 14088
474 14089
473 14089
473 14090
472 14090
472 14091
471 14091
471 14092
470 14092
470 14093
469 14093
469 14094
468 14094
468 14095
461 14095
461 14096
460 14096
460 14097
459 14097
459 14098
458 14098
458 14099
457 14099
457 14100
450 14100
450 14101
449 14101
449 14102
448 14102
448 14103
447 14103
447 14104
446 14104
446 14105
445 14105
445 14106
444 14106
444 14107
443 14107
443 14108
442 14108
442 14109
441 14109
441 14110
440 14110
440 14111
434 14111
434 14112
433 14112
433 14113
432 14113
432 14114
431 14114
431 14115
430 14115
430 14116
429 14116
429 14117
423 14117
423 14118
422 14118
422 14119
421 14119
421 14120
420 14120
420 14121
419 14121
419 14122
412 14122
412 14123
411 14123
411 14124
410 14124
410 14125
409 14125
409 14126
408 14126
408 14127
407 14127
407 14128
406 14128
406 14129
404 14129
404 14130
403 14130
403 14131
402 14131
402 14132
401 14132
401 14133
396 14133
396 14134
395 14134
395 14135
394 14135
394 14136
393 14136
393 14137
392 14137
392 14138
391 14138
391 14139
389 14139
389 14140
388 14140
388 14141
387 14141
387 14142
386 14142
386 14143
385 14143
385 14144
380 14144
380 14145
378 14145
378 14146
377 14146
377 14147
375 14147
375 14148
374 14148
374 14149
373 14149
373 14150
368 14150
368 14151
367 14151
367 14152
366 14152
366 14153
365 14153
365 14154
364 14154
364 14155
357 14155
357 14156
356 14156
356 14157
355 14157
355 14158
354 14158
354 14159
353 14159
353 14160
352 14160
352 14161
346 14161
346 14162
345 14162
345 14163
344 14163
344 14164
343 14164
343 14165
342 14165
342 14166
340 14166
340 14167
339 14167
339 14168
338 14168
338 14169
337 14169
337 14170
336 14170
336 14171
335 14171
335 14172
330 14172
330 14173
329 14173
329 14174
328 14174
328 14175
327 14175
327 14176
326 14176
326 14177
324 14177
324 14178
323 14178
323 14179
322 14179
322 14180
321 14180
321 14181
320 14181
320 14182
319 14182
319 14183
318 14183
318 14184
317 14184
317 14185
316 14185
316 14186
315 14186
315 14187
314 14187
314 14188
313 14188
313 14189
312 14189
312 14190
311 14190
311 14191
310 14191
310 14192
309 14192
309 14193
308 14193
308 14195
307 14195
307 14196
306 14196
306 14197
305 14197
305 14198
304 14198
304 14199
303 14199
303 14200
302 14200
302 14201
301 14201
301 14202
300 14202
300 14203
299 14203
299 14204
298 14204
298 14208
306 14208
306 14207
307 14207
307 14206
308 14206
308 14205
309 14205
309 14204
311 14204
311 14202
312 14202
312 14201
313 14201
313 14200
314 14200
314 14199
316 14199
316 14197
317 14197
317 14196
318 14196
318 14195
319 14195
319 14194
321 14194
321 14193
322 14193
322 14192
328 14192
328 14191
329 14191
329 14190
330 14190
330 14189
331 14189
331 14188
333 14188
333 14186
334 14186
334 14185
335 14185
335 14184
336 14184
336 14183
338 14183
338 14181
343 14181
343 14180
345 14180
345 14179
346 14179
346 14178
347 14178
347 14177
348 14177
348 14176
350 14176
350 14175
355 14175
355 14174
356 14174
356 14173
357 14173
357 14172
358 14172
358 14171
360 14171
360 14169
362 14169
362 14168
363 14168
363 14167
364 14167
364 14166
365 14166
365 14165
367 14165
367 14164
372 14164
372 14163
373 14163
373 14162
374 14162
374 14161
375 14161
375 14160
377 14160
377 14159
381 14159
381 14158
383 14158
383 14157
384 14157
384 14156
385 14156
385 14155
386 14155
386 14154
388 14154
388 14152
389 14152
389 14151
391 14151
391 14150
392 14150
392 14149
393 14149
393 14148
398 14148
398 14147
400 14147
400 14146
401 14146
401 14145
402 14145
402 14144
403 14144
403 14143
405 14143
405 14142
410 14142
410 14141
411 14141
411 14140
412 14140
412 14139
413 14139
413 14138
415 14138
415 14137
421 14137
421 14136
422 14136
422 14135
423 14135
423 14134
424 14134
424 14133
426 14133
426 14131
431 14131
431 14130
433 14130
433 14129
434 14129
434 14128
435 14128
435 14127
436 14127
436 14126
438 14126
438 14125
439 14125
439 14124
440 14124
440 14123
441 14123
441 14122
443 14122
443 14120
448 14120
448 14119
449 14119
449 14118
450 14118
450 14117
451 14117
451 14116
453 14116
453 14115
459 14115
459 14114
460 14114
460 14113
461 14113
461 14112
462 14112
462 14111
464 14111
464 14110
465 14110
465 14108
466 14108
466 14107
467 14107
467 14106
469 14106
469 14105
470 14105
470 14104
476 14104
476 14103
477 14103
477 14102
478 14102
478 14101
479 14101
479 14100
481 14100
481 14098
486 14098
486 14097
488 14097
488 14096
489 14096
489 14095
490 14095
490 14094
491 14094
491 14093
497 14093
497 14092
499 14092
499 14091
500 14091
500 14090
501 14090
501 14089
502 14089
502 14088
504 14088
504 14087
550 14087
550 14093
573 14093
573 14094
574 14094
574 14095
576 14095
576 14097
577 14097
577 14098
589 14098
589 14099
590 14099
590 14100
592 14100
592 14102
593 14102
593 14103
595 14103
595 14104
612 14104
612 14106
614 14106
614 14107
615 14107
615 14108
617 14108
617 14109
632 14109
632 14114
633 14114
633 14115
643 14115
643 14119
644 14119
644 14120
649 14120
649 14125
650 14125
650 14126
656 14126
656 14127
657 14127
657 14129
658 14129
658 14130
660 14130
660 14136
661 14136
661 14137
665 14137
665 14142
666 14142
666 14143
668 14143
668 14145
669 14145
669 14146
671 14146
671 14153
676 14153
676 14164
682 14164
682 14175
683 14175
683 14176
684 14176
684 14178
686 14178
686 14179
687 14179
687 14186
693 14186
693 14232
692 14232
692 14233
691 14233
691 14234
690 14234
690 14235
689 14235
689 14236
688 14236
688 14237
687 14237
687 14254
686 14254
686 14255
685 14255
685 14256
684 14256
684 14257
683 14257
683 14259
682 14259
682 14281
681 14281
681 14282
680 14282
680 14283
679 14283
679 14284
678 14284
678 14285
677 14285
677 14286
676 14286
676 14299
675 14299
675 14300
674 14300
674 14301
673 14301
673 14302
672 14302
672 14303
671 14303
671 14315
670 14315
670 14316
669 14316
669 14317
668 14317
668 14318
667 14318
667 14319
666 14319
666 14320
665 14320
665 14332
664 14332
664 14333
663 14333
663 14334
662 14334
662 14335
661 14335
661 14336
660 14336
660 14342
654 14342
654 14343
653 14343
653 14344
652 14344
652 14345
651 14345
651 14346
650 14346
650 14347
649 14347
649 14348
647 14348
647 14349
646 14349
646 14350
645 14350
645 14351
644 14351
644 14352
643 14352
643 14353
637 14353
637 14354
636 14354
636 14355
635 14355
635 14356
634 14356
634 14357
633 14357
633 14358
632 14358
632 14359
631 14359
631 14360
630 14360
630 14359
544 14359
544 14360
543 14360
543 14361
542 14361
542 14362
541 14362
541 14363
540 14363
540 14364
533 14364
533 14365
532 14365
532 14366
531 14366
531 14367
530 14367
530 14368
529 14368
529 14369
528 14369
528 14370
471 14370
471 14364
453 14364
453 14363
452 14363
452 14362
450 14362
450 14360
449 14360
449 14359
442 14359
442 14357
440 14357
440 14356
439 14356
439 14354
437 14354
437 14353
430 14353
430 14351
429 14351
429 14350
427 14350
427 14348
416 14348
416 14344
415 14344
415 14342
410 14342
410 14337
403 14337
403 14335
402 14335
402 14334
400 14334
400 14332
399 14332
399 14331
392 14331
392 14329
390 14329
390 14328
389 14328
389 14326
382 14326
382 14325
380 14325
380 14323
379 14323
379 14322
377 14322
377 14320
366 14320
366 14315
361 14315
361 14311
360 14311
360 14309
355 14309
355 14304
344 14304
344 14299
343 14299
343 14298
338 14298
338 14297
336 14297
336 14296
335 14296
335 14294
334 14294
334 14293
328 14293
328 14289
327 14289
327 14287
317 14287
317 14282
311 14282
311 14277
310 14277
310 14276
300 14276
300 14271
295 14271
295 14266
293 14266
293 14265
289 14265
289 14259
287 14259
287 14258
286 14258
286 14256
285 14256
285 14255
283 14255
283 14254
282 14254
282 14252
280 14252
280 14251
279 14251
279 14249
273 14249
273 14239
272 14239
272 14238
266 14238
266 14237
265 14237
265 14236
264 14236
264 14234
262 14234
262 14227
256 14227
256 14221
251 14221
251 14216
249 14216
249 14214
248 14214
248 14213
247 14213
247 14212
245 14212
245 14210
240 14210
240 14206
239 14206
239 14205
233 14205
233 14204
232 14204
232 14202
230 14202
230 14201
229 14201
229 14199
223 14199
223 14194
218 14194
218 14189
216 14189
216 14188
211 14188
211 14187
209 14187
209 14185
208 14185
208 14184
206 14184
206 14183
201 14183
201 14178
200 14178
200 14177
196 14177
196 14173
195 14173
195 14172
185 14172
185 14166
179 14166
179 14162
178 14162
178 14161
174 14161
174 14155
163 14155
163 14150
157 14150
157 14144
150 14144
150 14142
148 14142
148 14141
147 14141
147 14139
145 14139
145 14138
144 14138
144 14136
143 14136
143 14135
141 14135
141 14134
139 14134
139 14133
134 14133
134 14132
132 14132
132 14130
131 14130
131 14129
130 14129
130 14128
124 14128
124 14123
123 14123
123 14122
119 14122
119 14117
108 14117
108 14112
106 14112
106 14111
102 14111
102 14106
97 14106
97 14101
95 14101
95 14100
91 14100
91 14094
89 14094
89 14093
88 14093
88 14091
87 14091
87 14090
86 14090
86 14079
84 14079
84 14078
76 14078
76 14079
75 14079
75 14080
74 14080
74 14081
73 14081
73 14082
72 14082
72 14083
71 14083
71 14084
70 14084
70 14085
69 14085
69 14086
68 14086
68 14087
67 14087
67 14088
66 14088
66 14089
65 14089
65 14090
64 14090
64 14091
63 14091
63 14092
62 14092
62 14093
61 14093
61 14094
60 14094
60 14098
66 14098
66 14109
67 14109
67 14110
68 14110
68 14111
69 14111
69 14113
71 14113
71 14120
77 14120
77 14125
78 14125
78 14126
82 14126
82 14131
88 14131
88 14136
89 14136
89 14137
99 14137
99 14142
104 14142
104 14147
106 14147
106 14148
111 14148
111 14149
112 14149
112 14150
114 14150
114 14152
115 14152
115 14153
121 14153
121 14154
123 14154
123 14155
124 14155
124 14156
125 14156
125 14158
127 14158
127 14159
128 14159
128 14161
130 14161
130 14162
131 14162
131 14164
137 14164
137 14170
143 14170
143 14174
144 14174
144 14175
154 14175
154 14181
159 14181
159 14186
165 14186
165 14192
176 14192
176 14197
181 14197
181 14202
182 14202
182 14203
188 14203
188 14204
189 14204
189 14205
191 14205
191 14207
192 14207
192 14208
198 14208
198 14213
199 14213
199 14214
203 14214
203 14219
210 14219
210 14221
212 14221
212 14222
213 14222
213 14224
215 14224
215 14225
220 14225
220 14230
227 14230
227 14232
228 14232
228 14233
229 14233
229 14234
231 14234
231 14240
232 14240
232 14241
236 14241
236 14247
242 14247
242 14253
244 14253
244 14254
245 14254
245 14256
246 14256
246 14257
245 14257
245 14258
244 14258
244 14259
243 14259
243 14260
241 14260
241 14261
240 14261
240 14262
239 14262
239 14263
238 14263
238 14264
237 14264
237 14265
236 14265
236 14266
235 14266
235 14267
234 14267
234 14268
233 14268
233 14269
232 14269
232 14270
231 14270
231 14271
230 14271
230 14272
229 14272
229 14273
228 14273
228 14274
227 14274
227 14275
226 14275
226 14276
225 14276
225 14277
224 14277
224 14278
222 14278
222 14279
221 14279
221 14280
220 14280
220 14281
219 14281
219 14282
208 14282
208 14283
207 14283
207 14284
206 14284
206 14285
205 14285
205 14286
204 14286
204 14287
203 14287
203 14288
202 14288
202 14289
201 14289
201 14290
200 14290
200 14291
199 14291
199 14292
198 14292
198 14293
197 14293
197 14294
196 14294
196 14295
195 14295
195 14296
194 14296
194 14297
193 14297
193 14298
192 14298
192 14299
191 14299
191 14300
190 14300
190 14301
189 14301
189 14302
188 14302
188 14303
187 14303
187 14304
186 14304
186 14305
185 14305
185 14306
184 14306
184 14307
183 14307
183 14308
182 14308
182 14309
175 14309
175 14310
174 14310
174 14311
173 14311
173 14312
172 14312
172 14313
171 14313
171 14314
170 14314
170 14315
169 14315
169 14316
168 14316
168 14317
167 14317
167 14318
166 14318
166 14319
165 14319
165 14320
164 14320
164 14321
163 14321
163 14322
162 14322
162 14323
161 14323
161 14324
160 14324
160 14325
159 14325
159 14326
158 14326
158 14327
157 14327
157 14328
156 14328
156 14329
155 14329
155 14330
154 14330
154 14331
153 14331
153 14332
152 14332
152 14333
151 14333
151 14334
150 14334
150 14335
149 14335
149 14336
148 14336
148 14338
147 14338
147 14339
146 14339
146 14340
145 14340
145 14341
144 14341
144 14342
143 14342
143 14347
142 14347
142 14348
141 14348
141 14349
140 14349
140 14350
139 14350
139 14351
138 14351
138 14352
137 14352
137 14353
136 14353
136 14354
135 14354
135 14355
134 14355
134 14356
133 14356
133 14357
132 14357
132 14358
131 14358
131 14359
130 14359
130 14360
129 14360
129 14361
128 14361
128 14362
127 14362
127 14363
126 14363
126 14366
125 14366
125 14367
124 14367
124 14368
123 14368
123 14369
122 14369
122 14370
121 14370
121 14375
120 14375
120 14376
119 14376
119 14377
118 14377
118 14378
117 14378
117 14379
116 14379
116 14380
115 14380
115 14382
114 14382
114 14383
113 14383
113 14384
112 14384
112 14385
111 14385
111 14386
110 14386
110 14392
109 14392
109 14393
108 14393
108 14394
107 14394
107 14395
106 14395
106 14396
105 14396
105 14397
104 14397
104 14398
103 14398
103 14399
102 14399
102 14400
101 14400
101 14401
100 14401
100 14402
99 14402
99 14409
98 14409
98 14410
97 14410
97 14411
96 14411
96 14412
95 14412
95 14413
94 14413
94 14414
93 14414
93 14421
92 14421
92 14422
91 14422
91 14423
90 14423
90 14424
89 14424
89 14425
88 14425
88 14439
92 14439
92 14438
93 14438
93 14437
94 14437
94 14436
95 14436
95 14435
97 14435
97 14433
98 14433
98 14432
99 14432
99 14431
100 14431
100 14430
102 14430
102 14428
103 14428
103 14427
104 14427
104 14426
105 14426
105 14425
106 14425
106 14424
107 14424
107 14423
108 14423
108 14416
109 14416
109 14415
110 14415
110 14414
111 14414
111 14413
112 14413
112 14412
113 14412
113 14405
114 14405
114 14404
115 14404
115 14403
116 14403
116 14402
117 14402
117 14401
118 14401
118 14400
119 14400
119 14394
120 14394
120 14393
121 14393
121 14392
123 14392
123 14390
124 14390
124 14389
125 14389
125 14388
126 14388
126 14387
127 14387
127 14386
128 14386
128 14385
129 14385
129 14383
130 14383
130 14378
131 14378
131 14377
132 14377
132 14376
133 14376
133 14375
135 14375
135 14373
136 14373
136 14372
137 14372
137 14371
138 14371
138 14370
139 14370
139 14369
140 14369
140 14368
141 14368
141 14361
142 14361
142 14360
143 14360
143 14359
144 14359
144 14358
145 14358
145 14357
146 14357
146 14351
148 14351
148 14350
149 14350
149 14348
151 14348
151 14346
153 14346
153 14344
154 14344
154 14343
156 14343
156 14342
157 14342
157 14340
158 14340
158 14339
159 14339
159 14338
160 14338
160 14337
162 14337
162 14335
163 14335
163 14334
164 14334
164 14333
165 14333
165 14332
166 14332
166 14331
168 14331
168 14329
173 14329
173 14328
174 14328
174 14327
175 14327
175 14326
176 14326
176 14325
178 14325
178 14324
179 14324
179 14323
180 14323
180 14322
181 14322
181 14321
182 14321
182 14320
183 14320
183 14319
185 14319
185 14317
186 14317
186 14316
187 14316
187 14315
188 14315
188 14314
190 14314
190 14312
191 14312
191 14311
192 14311
192 14310
193 14310
193 14309
194 14309
194 14308
196 14308
196 14306
197 14306
197 14305
198 14305
198 14304
199 14304
199 14303
201 14303
201 14302
206 14302
206 14301
208 14301
208 14300
209 14300
209 14299
210 14299
210 14298
211 14298
211 14297
213 14297
213 14296
218 14296
218 14295
219 14295
219 14294
220 14294
220 14293
221 14293
221 14292
223 14292
223 14290
224 14290
224 14289
225 14289
225 14288
226 14288
226 14287
228 14287
228 14286
229 14286
229 14284
230 14284
230 14283
231 14283
231 14282
232 14282
232 14281
234 14281
234 14279
235 14279
235 14278
236 14278
236 14277
237 14277
237 14276
239 14276
239 14275
240 14275
240 14273
241 14273
241 14272
242 14272
242 14271
243 14271
243 14270
245 14270
245 14269
246 14269
246 14267
248 14267
248 14266
249 14266
249 14265
250 14265
250 14264
251 14264
251 14263
252 14263
252 14262
253 14262
253 14269
260 14269
260 14271
262 14271
262 14272
263 14272
263 14274
265 14274
265 14275
266 14275
266 14276
267 14276
267 14278
269 14278
269 14285
275 14285
275 14290
276 14290
276 14291
280 14291
280 14296
291 14296
291 14301
293 14301
293 14302
297 14302
297 14307
308 14307
308 14313
315 14313
315 14314
316 14314
316 14316
318 14316
318 14317
319 14317
319 14318
324 14318
324 14323
326 14323
326 14324
335 14324
335 14328
336 14328
336 14329
341 14329
341 14335
346 14335
346 14339
347 14339
347 14340
359 14340
359 14342
360 14342
360 14343
362 14343
362 14345
363 14345
363 14346
370 14346
370 14348
372 14348
372 14349
373 14349
373 14351
380 14351
380 14352
382 14352
382 14354
383 14354
383 14355
385 14355
385 14357
390 14357
390 14361
391 14361
391 14362
396 14362
396 14368
409 14368
409 14370
410 14370
410 14371
412 14371
412 14373
419 14373
419 14374
420 14374
420 14376
422 14376
422 14377
423 14377
423 14379
430 14379
430 14380
432 14380
432 14382
433 14382
433 14383
435 14383
435 14384
448 14384
448 14385
447 14385
447 14386
440 14386
440 14387
439 14387
439 14388
438 14388
438 14389
437 14389
437 14390
436 14390
436 14391
435 14391
435 14392
423 14392
423 14393
422 14393
422 14394
421 14394
421 14395
420 14395
420 14396
419 14396
419 14397
417 14397
417 14398
416 14398
416 14399
415 14399
415 14400
414 14400
414 14401
413 14401
413 14402
412 14402
412 14403
411 14403
411 14404
410 14404
410 14405
409 14405
409 14406
408 14406
408 14407
407 14407
407 14408
406 14408
406 14409
405 14409
405 14410
404 14410
404 14411
403 14411
403 14412
402 14412
402 14413
401 14413
401 14414
396 14414
396 14415
395 14415
395 14416
394 14416
394 14417
393 14417
393 14418
392 14418
392 14419
390 14419
390 14420
389 14420
389 14421
388 14421
388 14422
387 14422
387 14423
386 14423
386 14424
385 14424
385 14425
384 14425
384 14426
383 14426
383 14427
382 14427
382 14428
381 14428
381 14429
380 14429
380 14430
379 14430
379 14431
378 14431
378 14432
377 14432
377 14433
376 14433
376 14434
375 14434
375 14435
374 14435
374 14441
373 14441
373 14442
372 14442
372 14443
371 14443
371 14444
370 14444
370 14445
369 14445
369 14446
368 14446
368 14453
367 14453
367 14454
366 14454
366 14455
365 14455
365 14456
364 14456
364 14457
363 14457
363 14510
364 14510
364 14511
368 14511
368 14559
369 14559
369 14560
374 14560
374 14577
379 14577
379 14588
385 14588
385 14594
387 14594
387 14595
388 14595
388 14597
390 14597
390 14604
396 14604
396 14610
398 14610
398 14612
399 14612
399 14613
400 14613
400 14614
401 14614
401 14620
403 14620
403 14621
407 14621
407 14626
408 14626
408 14628
410 14628
410 14629
411 14629
411 14631
412 14631
412 14636
413 14636
413 14637
418 14637
418 14643
423 14643
423 14647
424 14647
424 14648
429 14648
429 14659
435 14659
435 14660
436 14660
436 14661
438 14661
438 14663
439 14663
439 14664
440 14664
440 14670
444 14670
444 14669
445 14669
445 14668
446 14668
446 14667
447 14667
447 14666
449 14666
449 14664
450 14664
450 14663
451 14663
451 14662
452 14662
452 14661
454 14661
454 14659
455 14659
455 14658
456 14658
456 14657
457 14657
457 14656
458 14656
458 14655
459 14655
459 14654
460 14654
460 14646
459 14646
459 14644
458 14644
458 14643
456 14643
456 14641
455 14641
455 14640
453 14640
453 14639
449 14639
449 14630
448 14630
448 14628
443 14628
443 14623
438 14623
438 14619
437 14619
437 14617
432 14617
432 14612
431 14612
431 14611
430 14611
430 14609
428 14609
428 14608
427 14608
427 14601
421 14601
421 14596
420 14596
420 14594
419 14594
419 14593
418 14593
418 14592
416 14592
416 14584
410 14584
410 14578
408 14578
408 14577
407 14577
407 14575
405 14575
405 14568
399 14568
399 14558
398 14558
398 14557
394 14557
394 14541
393 14541
393 14540
388 14540
388 14491
383 14491
383 14448
384 14448
384 14447
385 14447
385 14446
386 14446
386 14445
387 14445
387 14444
388 14444
388 14438
389 14438
389 14437
390 14437
390 14436
391 14436
391 14435
392 14435
392 14434
393 14434
393 14433
394 14433
394 14427
396 14427
396 14426
397 14426
397 14425
398 14425
398 14424
399 14424
399 14423
400 14423
400 14422
401 14422
401 14421
402 14421
402 14420
403 14420
403 14419
404 14419
404 14418
405 14418
405 14417
409 14417
409 14416
411 14416
411 14415
412 14415
412 14414
413 14414
413 14413
414 14413
414 14412
426 14412
426 14411
427 14411
427 14410
428 14410
428 14409
429 14409
429 14408
431 14408
431 14407
432 14407
432 14406
438 14406
438 14405
439 14405
439 14404
440 14404
440 14403
441 14403
441 14402
443 14402
443 14401
459 14401
459 14400
460 14400
460 14399
461 14399
461 14398
462 14398
462 14397
464 14397
464 14396
465 14396
465 14395
503 14395
503 14394
504 14394
504 14393
505 14393
505 14392
506 14392
506 14391
508 14391
508 14390
601 14390
601 14389
603 14389
603 14388
605 14388
605 14387
606 14387
606 14386
607 14386
607 14385
608 14385
608 14384
627 14384
627 14389
628 14389
628 14390
638 14390
638 14395
649 14395
649 14401
654 14401
654 14411
656 14411
656 14412
660 14412
660 14417
665 14417
665 14428
671 14428
671 14439
676 14439
676 14449
677 14449
677 14451
678 14451
678 14452
680 14452
680 14454
681 14454
681 14455
682 14455
682 14467
683 14467
683 14468
685 14468
685 14470
686 14470
686 14471
687 14471
687 14488
689 14488
689 14489
693 14489
693 14540
692 14540
692 14541
691 14541
691 14542
690 14542
690 14543
689 14543
689 14544
688 14544
688 14545
687 14545
687 14552
686 14552
686 14553
685 14553
685 14554
684 14554
684 14555
683 14555
683 14556
682 14556
682 14557
681 14557
681 14558
680 14558
680 14559
679 14559
679 14560
678 14560
678 14561
677 14561
677 14562
676 14562
676 14569
675 14569
675 14570
674 14570
674 14571
673 14571
673 14572
672 14572
672 14573
671 14573
671 14574
670 14574
670 14575
669 14575
669 14576
668 14576
668 14577
667 14577
667 14578
666 14578
666 14579
665 14579
665 14580
664 14580
664 14581
663 14581
663 14582
662 14582
662 14583
661 14583
661 14584
654 14584
654 14585
653 14585
653 14586
652 14586
652 14587
651 14587
651 14588
650 14588
650 14589
649 14589
649 14590
643 14590
643 14591
642 14591
642 14592
641 14592
641 14593
640 14593
640 14594
639 14594
639 14595
637 14595
637 14596
636 14596
636 14597
635 14597
635 14598
634 14598
634 14599
633 14599
633 14600
632 14600
632 14601
627 14601
627 14602
626 14602
626 14603
625 14603
625 14604
624 14604
624 14605
623 14605
623 14606
621 14606
621 14607
620 14607
620 14608
619 14608
619 14609
618 14609
618 14610
617 14610
617 14611
616 14611
616 14612
614 14612
614 14613
613 14613
613 14614
612 14614
612 14615
611 14615
611 14616
610 14616
610 14617
609 14617
609 14618
608 14618
608 14619
607 14619
607 14620
606 14620
606 14621
605 14621
605 14622
604 14622
604 14623
599 14623
599 14624
598 14624
598 14625
597 14625
597 14626
596 14626
596 14627
595 14627
595 14628
588 14628
588 14629
587 14629
587 14630
586 14630
586 14631
585 14631
585 14632
584 14632
584 14633
583 14633
583 14634
577 14634
577 14635
576 14635
576 14636
575 14636
575 14637
574 14637
574 14638
573 14638
573 14639
571 14639
571 14640
570 14640
570 14641
569 14641
569 14642
568 14642
568 14643
567 14643
567 14644
566 14644
566 14645
565 14645
565 14646
564 14646
564 14647
563 14647
563 14648
562 14648
562 14649
561 14649
561 14650
555 14650
555 14651
554 14651
554 14652
553 14652
553 14653
552 14653
552 14654
551 14654
551 14655
550 14655
550 14656
549 14656
549 14657
548 14657
548 14658
547 14658
547 14659
546 14659
546 14660
545 14660
545 14661
538 14661
538 14662
537 14662
537 14663
536 14663
536 14664
535 14664
535 14665
534 14665
534 14666
533 14666
533 14667
532 14667
532 14668
531 14668
531 14669
530 14669
530 14670
529 14670
529 14671
528 14671
528 14672
527 14672
527 14673
526 14673
526 14674
525 14674
525 14675
524 14675
524 14676
523 14676
523 14677
522 14677
522 14678
516 14678
516 14679
515 14679
515 14680
514 14680
514 14681
513 14681
513 14682
512 14682
512 14683
511 14683
511 14684
510 14684
510 14685
509 14685
509 14686
508 14686
508 14687
507 14687
507 14688
506 14688
506 14689
500 14689
500 14690
499 14690
499 14691
498 14691
498 14692
497 14692
497 14693
496 14693
496 14694
495 14694
495 14695
494 14695
494 14696
493 14696
493 14697
492 14697
492 14698
491 14698
491 14699
490 14699
490 14700
488 14700
488 14701
487 14701
487 14702
486 14702
486 14703
485 14703
485 14704
484 14704
484 14705
479 14705
479 14706
478 14706
478 14707
477 14707
477 14708
476 14708
476 14709
475 14709
475 14710
474 14710
474 14711
472 14711
472 14712
471 14712
471 14713
470 14713
470 14714
469 14714
469 14715
468 14715
468 14716
467 14716
467 14717
466 14717
466 14718
465 14718
465 14719
464 14719
464 14720
463 14720
463 14721
462 14721
462 14722
461 14722
461 14723
460 14723
460 14724
459 14724
459 14725
458 14725
458 14726
457 14726
457 14727
456 14727
456 14728
455 14728
455 14729
454 14729
454 14730
453 14730
453 14731
452 14731
452 14732
451 14732
451 14733
450 14733
450 14734
449 14734
449 14735
448 14735
448 14736
447 14736
447 14737
446 14737
446 14738
445 14738
445 14739
444 14739
444 14740
443 14740
443 14741
442 14741
442 14742
441 14742
441 14743
440 14743
440 14744
439 14744
439 14745
438 14745
438 14746
437 14746
437 14747
436 14747
436 14748
435 14748
435 14749
434 14749
434 14755
433 14755
433 14756
432 14756
432 14757
431 14757
431 14758
430 14758
430 14759
429 14759
429 14771
428 14771
428 14772
427 14772
427 14773
426 14773
426 14774
425 14774
425 14775
424 14775
424 14776
423 14776
423 14777
422 14777
422 14778
421 14778
421 14779
420 14779
420 14780
419 14780
419 14782
418 14782
418 14787
417 14787
417 14788
416 14788
416 14789
415 14789
415 14790
414 14790
414 14792
413 14792
413 14794
412 14794
412 14799
411 14799
411 14801
410 14801
410 14803
409 14803
409 14807
408 14807
408 14808
407 14808
407 14820
406 14820
406 14821
405 14821
405 14822
404 14822
404 14823
403 14823
403 14824
402 14824
402 14825
401 14825
401 14826
400 14826
400 14827
399 14827
399 14828
398 14828
398 14829
397 14829
397 14830
396 14830
396 14849
395 14849
395 14850
394 14850
394 14851
393 14851
393 14852
392 14852
392 14853
391 14853
391 14854
390 14854
390 14922
394 14922
394 14921
395 14921
395 14920
396 14920
396 14919
397 14919
397 14918
399 14918
399 14916
400 14916
400 14915
401 14915
401 14914
402 14914
402 14913
404 14913
404 14911
405 14911
405 14910
406 14910
406 14909
407 14909
407 14908
408 14908
408 14907
409 14907
409 14906
410 14906
410 14845
411 14845
411 14844
412 14844
412 14843
413 14843
413 14842
414 14842
414 14841
415 14841
415 14840
416 14840
416 14818
417 14818
417 14817
419 14817
419 14815
420 14815
420 14814
421 14814
421 14813
422 14813
422 14812
423 14812
423 14811
424 14811
424 14810
425 14810
425 14808
426 14808
426 14806
427 14806
427 14795
428 14795
428 14793
429 14793
429 14789
430 14789
430 14787
431 14787
431 14786
432 14786
432 14780
433 14780
433 14779
434 14779
434 14778
435 14778
435 14777
436 14777
436 14776
437 14776
437 14774
438 14774
438 14768
440 14768
440 14767
441 14767
441 14765
443 14765
443 14763
444 14763
444 14762
445 14762
445 14761
446 14761
446 14760
447 14760
447 14759
448 14759
448 14758
449 14758
449 14747
450 14747
450 14745
452 14745
452 14744
453 14744
453 14743
454 14743
454 14742
455 14742
455 14740
457 14740
457 14739
458 14739
458 14738
459 14738
459 14736
461 14736
461 14735
462 14735
462 14734
463 14734
463 14733
464 14733
464 14732
465 14732
465 14731
466 14731
466 14730
467 14730
467 14729
468 14729
468 14727
470 14727
470 14726
471 14726
471 14724
472 14724
472 14723
473 14723
473 14722
474 14722
474 14721
476 14721
476 14720
480 14720
480 14719
482 14719
482 14718
484 14718
484 14717
485 14717
485 14716
486 14716
486 14715
487 14715
487 14714
489 14714
489 14712
490 14712
490 14711
492 14711
492 14709
506 14709
506 14714
507 14714
507 14715
508 14715
508 14717
510 14717
510 14718
511 14718
511 14720
522 14720
522 14725
533 14725
533 14730
534 14730
534 14731
546 14731
546 14732
547 14732
547 14733
548 14733
548 14735
550 14735
550 14736
555 14736
555 14741
556 14741
556 14742
561 14742
561 14747
566 14747
566 14752
567 14752
567 14753
572 14753
572 14758
577 14758
577 14763
578 14763
578 14764
583 14764
583 14775
589 14775
589 14776
590 14776
590 14777
592 14777
592 14778
593 14778
593 14780
594 14780
594 14786
601 14786
601 14787
602 14787
602 14789
604 14789
604 14790
605 14790
605 14796
606 14796
606 14797
610 14797
610 14802
616 14802
616 14807
617 14807
617 14808
621 14808
621 14813
623 14813
623 14815
624 14815
624 14816
626 14816
626 14818
627 14818
627 14823
628 14823
628 14824
632 14824
632 14830
633 14830
633 14831
635 14831
635 14832
636 14832
636 14834
638 14834
638 14841
640 14841
640 14843
641 14843
641 14844
642 14844
642 14845
643 14845
643 14882
642 14882
642 14883
641 14883
641 14884
640 14884
640 14885
639 14885
639 14886
638 14886
638 14892
637 14892
637 14893
636 14893
636 14894
635 14894
635 14895
634 14895
634 14896
633 14896
633 14897
632 14897
632 14920
631 14920
631 14921
630 14921
630 14922
629 14922
629 14923
628 14923
628 14924
627 14924
627 14925
626 14925
626 14926
625 14926
625 14927
624 14927
624 14928
623 14928
623 14929
622 14929
622 14930
621 14930
621 14933
620 14933
620 14934
619 14934
619 14935
618 14935
618 14936
616 14936
616 14937
615 14937
615 14938
614 14938
614 14939
613 14939
613 14940
612 14940
612 14941
611 14941
611 14942
610 14942
610 14943
609 14943
609 14944
608 14944
608 14945
607 14945
607 14946
606 14946
606 14947
605 14947
605 14948
604 14948
604 14949
603 14949
603 14950
602 14950
602 14951
601 14951
601 14952
600 14952
600 14953
599 14953
599 14954
598 14954
598 14955
597 14955
597 14956
596 14956
596 14957
595 14957
595 14958
594 14958
594 14964
586 14964
586 14958
575 14958
575 14953
472 14953
472 14954
470 14954
470 14955
469 14955
469 14956
468 14956
468 14957
467 14957
467 14958
456 14958
456 14959
454 14959
454 14960
453 14960
453 14961
452 14961
452 14962
451 14962
451 14963
450 14963
450 14964
438 14964
438 14965
437 14965
437 14966
436 14966
436 14967
435 14967
435 14968
434 14968
434 14969
428 14969
428 14970
427 14970
427 14971
426 14971
426 14972
425 14972
425 14973
424 14973
424 14974
423 14974
423 14975
418 14975
418 14976
417 14976
417 14977
416 14977
416 14978
415 14978
415 14979
414 14979
414 14980
413 14980
413 14981
412 14981
412 14982
411 14982
411 14983
410 14983
410 14984
409 14984
409 14985
408 14985
408 14986
406 14986
406 14987
404 14987
404 14988
403 14988
403 14989
402 14989
402 14990
401 14990
401 14991
396 14991
396 14992
395 14992
395 14993
394 14993
394 14994
393 14994
393 14995
392 14995
392 14996
391 14996
391 14997
390 14997
390 14998
389 14998
389 14999
388 14999
388 15000
387 15000
387 15001
386 15001
386 15002
385 15002
385 15003
384 15003
384 15004
383 15004
383 15005
382 15005
382 15006
381 15006
381 15007
380 15007
380 15008
379 15008
379 15009
378 15009
378 15010
377 15010
377 15011
376 15011
376 15012
375 15012
375 15013
374 15013
374 15019
373 15019
373 15020
372 15020
372 15021
371 15021
371 15022
370 15022
370 15023
369 15023
369 15024
368 15024
368 15031
367 15031
367 15032
366 15032
366 15033
365 15033
365 15034
364 15034
364 15035
363 15035
363 15041
362 15041
362 15042
361 15042
361 15043
360 15043
360 15044
359 15044
359 15045
358 15045
358 15046
357 15046
357 15098
358 15098
358 15099
363 15099
363 15110
368 15110
368 15115
370 15115
370 15116
374 15116
374 15121
379 15121
379 15126
381 15126
381 15127
390 15127
390 15131
391 15131
391 15132
429 15132
429 15143
434 15143
434 15147
435 15147
435 15149
440 15149
440 15160
441 15160
441 15161
442 15161
442 15162
444 15162
444 15164
445 15164
445 15169
446 15169
446 15171
451 15171
451 15182
452 15182
452 15183
453 15183
453 15184
455 15184
455 15186
456 15186
456 15197
455 15197
455 15198
454 15198
454 15200
440 15200
440 15201
438 15201
438 15202
437 15202
437 15203
436 15203
436 15204
435 15204
435 15205
434 15205
434 15206
384 15206
384 15207
383 15207
383 15208
382 15208
382 15209
381 15209
381 15210
380 15210
380 15211
379 15211
379 15212
378 15212
378 15213
377 15213
377 15214
376 15214
376 15215
375 15215
375 15216
374 15216
374 15217
373 15217
373 15218
372 15218
372 15219
371 15219
371 15220
370 15220
370 15221
369 15221
369 15222
368 15222
368 15226
420 15226
420 15225
422 15225
422 15224
423 15224
423 15223
424 15223
424 15222
425 15222
425 15221
427 15221
427 15220
444 15220
444 15219
445 15219
445 15218
446 15218
446 15217
447 15217
447 15216
449 15216
449 15215
453 15215
453 15214
455 15214
455 15213
456 15213
456 15212
457 15212
457 15211
458 15211
458 15210
460 15210
460 15209
577 15209
577 15214
578 15214
578 15215
588 15215
588 15219
589 15219
589 15220
599 15220
599 15226
605 15226
605 15230
606 15230
606 15232
607 15232
607 15233
608 15233
608 15235
610 15235
610 15242
616 15242
616 15283
615 15283
615 15284
614 15284
614 15285
613 15285
613 15286
612 15286
612 15287
611 15287
611 15288
610 15288
610 15289
609 15289
609 15290
608 15290
608 15291
607 15291
607 15292
606 15292
606 15293
605 15293
605 15294
604 15294
604 15295
603 15295
603 15296
602 15296
602 15297
601 15297
601 15298
600 15298
600 15299
599 15299
599 15305
598 15305
598 15306
597 15306
597 15307
596 15307
596 15308
595 15308
595 15309
594 15309
594 15310
533 15310
533 15311
532 15311
532 15312
531 15312
531 15313
530 15313
530 15314
529 15314
529 15315
528 15315
528 15316
473 15316
473 15317
472 15317
472 15318
471 15318
471 15319
470 15319
470 15320
469 15320
469 15321
384 15321
384 15322
383 15322
383 15323
382 15323
382 15324
381 15324
381 15325
380 15325
380 15326
379 15326
379 15327
378 15327
378 15328
377 15328
377 15329
376 15329
376 15330
375 15330
375 15331
374 15331
374 15332
373 15332
373 15333
372 15333
372 15334
371 15334
371 15335
370 15335
370 15336
369 15336
369 15337
368 15337
368 15341
460 15341
460 15340
461 15340
461 15339
462 15339
462 15338
463 15338
463 15337
465 15337
465 15336
520 15336
520 15335
521 15335
521 15334
522 15334
522 15333
523 15333
523 15332
525 15332
525 15330
583 15330
583 15335
584 15335
584 15336
595 15336
595 15337
596 15337
596 15338
598 15338
598 15340
599 15340
599 15341
605 15341
605 15342
606 15342
606 15343
608 15343
608 15344
609 15344
609 15346
611 15346
611 15347
617 15347
617 15348
618 15348
618 15349
619 15349
619 15350
621 15350
621 15352
627 15352
627 15358
634 15358
634 15360
636 15360
636 15361
637 15361
637 15363
638 15363
638 15364
640 15364
640 15365
641 15365
641 15367
643 15367
643 15374
649 15374
649 15385
654 15385
654 15401
656 15401
656 15402
660 15402
660 15413
662 15413
662 15415
663 15415
663 15416
665 15416
665 15459
664 15459
664 15460
663 15460
663 15461
662 15461
662 15462
661 15462
661 15463
660 15463
660 15469
659 15469
659 15470
658 15470
658 15471
657 15471
657 15472
656 15472
656 15473
655 15473
655 15475
654 15475
654 15481
653 15481
653 15482
652 15482
652 15483
651 15483
651 15484
650 15484
650 15485
649 15485
649 15486
642 15486
642 15487
641 15487
641 15488
640 15488
640 15489
639 15489
639 15490
638 15490
638 15491
637 15491
637 15492
636 15492
636 15493
635 15493
635 15494
634 15494
634 15495
633 15495
633 15496
632 15496
632 15497
631 15497
631 15498
630 15498
630 15499
629 15499
629 15500
628 15500
628 15501
627 15501
627 15502
626 15502
626 15503
625 15503
625 15504
624 15504
624 15505
623 15505
623 15507
622 15507
622 15508
621 15508
621 15509
620 15509
620 15510
619 15510
619 15511
618 15511
618 15512
617 15512
617 15513
616 15513
616 15514
615 15514
615 15515
614 15515
614 15516
613 15516
613 15517
612 15517
612 15518
611 15518
611 15519
610 15519
610 15520
609 15520
609 15521
607 15521
607 15522
606 15522
606 15523
605 15523
605 15524
604 15524
604 15525
603 15525
603 15526
602 15526
602 15527
601 15527
601 15528
600 15528
600 15529
599 15529
599 15530
588 15530
588 15531
587 15531
587 15532
586 15532
586 15533
585 15533
585 15534
584 15534
584 15535
583 15535
583 15536
571 15536
571 15537
570 15537
570 15538
569 15538
569 15539
568 15539
568 15540
567 15540
567 15541
566 15541
566 15542
565 15542
565 15543
563 15543
563 15544
562 15544
562 15545
561 15545
561 15546
560 15546
560 15547
459 15547
459 15546
457 15546
457 15544
456 15544
456 15543
454 15543
454 15541
449 15541
449 15537
448 15537
448 15536
438 15536
438 15530
432 15530
432 15526
431 15526
431 15525
427 15525
427 15519
421 15519
421 15509
420 15509
420 15508
416 15508
416 15483
417 15483
417 15482
418 15482
418 15481
419 15481
419 15480
420 15480
420 15478
421 15478
421 15473
422 15473
422 15472
423 15472
423 15471
424 15471
424 15470
425 15470
425 15469
426 15469
426 15468
427 15468
427 15467
428 15467
428 15466
429 15466
429 15465
430 15465
430 15464
431 15464
431 15463
433 15463
433 15461
434 15461
434 15460
436 15460
436 15459
437 15459
437 15458
438 15458
438 15457
447 15457
447 15456
449 15456
449 15455
451 15455
451 15454
452 15454
452 15453
453 15453
453 15452
454 15452
454 15451
471 15451
471 15450
472 15450
472 15449
473 15449
473 15448
474 15448
474 15447
476 15447
476 15446
592 15446
592 15445
593 15445
593 15444
594 15444
594 15443
595 15443
595 15442
597 15442
597 15440
598 15440
598 15439
599 15439
599 15438
600 15438
600 15437
602 15437
602 15435
603 15435
603 15434
604 15434
604 15433
605 15433
605 15432
606 15432
606 15431
607 15431
607 15430
608 15430
608 15426
484 15426
484 15427
483 15427
483 15428
482 15428
482 15429
481 15429
481 15430
480 15430
480 15431
467 15431
467 15432
466 15432
466 15433
464 15433
464 15434
463 15434
463 15435
462 15435
462 15436
461 15436
461 15437
450 15437
450 15438
448 15438
448 15439
447 15439
447 15440
446 15440
446 15441
445 15441
445 15442
444 15442
444 15443
443 15443
443 15444
442 15444
442 15445
441 15445
441 15446
440 15446
440 15447
439 15447
439 15448
428 15448
428 15449
427 15449
427 15450
426 15450
426 15451
425 15451
425 15452
424 15452
424 15453
423 15453
423 15454
422 15454
422 15455
421 15455
421 15456
420 15456
420 15457
419 15457
419 15458
418 15458
418 15459
417 15459
417 15460
416 15460
416 15461
415 15461
415 15462
414 15462
414 15463
413 15463
413 15464
412 15464
412 15466
411 15466
411 15467
410 15467
410 15468
409 15468
409 15469
408 15469
408 15470
407 15470
407 15475
406 15475
406 15476
405 15476
405 15477
404 15477
404 15478
403 15478
403 15479
402 15479
402 15480
401 15480
401 15492
400 15492
400 15493
399 15493
399 15494
398 15494
398 15495
397 15495
397 15496
396 15496
396 15528
401 15528
401 15539
407 15539
407 15545
412 15545
412 15550
418 15550
418 15556
429 15556
429 15561
436 15561
436 15563
437 15563
437 15564
439 15564
439 15566
440 15566
440 15567
497 15567
497 15568
496 15568
496 15569
488 15569
488 15570
487 15570
487 15571
486 15571
486 15572
485 15572
485 15573
484 15573
484 15574
483 15574
483 15575
482 15575
482 15576
481 15576
481 15577
480 15577
480 15578
479 15578
479 15579
478 15579
478 15580
477 15580
477 15581
476 15581
476 15582
475 15582
475 15583
474 15583
474 15584
473 15584
473 15585
472 15585
472 15586
471 15586
471 15587
470 15587
470 15588
469 15588
469 15589
468 15589
468 15590
467 15590
467 15591
466 15591
466 15592
465 15592
465 15593
464 15593
464 15594
463 15594
463 15595
462 15595
462 15596
461 15596
461 15597
460 15597
460 15598
459 15598
459 15599
458 15599
458 15600
457 15600
457 15601
456 15601
456 15608
455 15608
455 15609
454 15609
454 15610
453 15610
453 15611
452 15611
452 15612
451 15612
451 15619
450 15619
450 15620
449 15620
449 15621
448 15621
448 15622
447 15622
447 15623
446 15623
446 15624
445 15624
445 15631
444 15631
444 15632
443 15632
443 15633
442 15633
442 15634
441 15634
441 15635
440 15635
440 15640
439 15640
439 15641
438 15641
438 15642
437 15642
437 15643
436 15643
436 15644
435 15644
435 15645
434 15645
434 15652
433 15652
433 15653
432 15653
432 15654
431 15654
431 15655
430 15655
430 15656
429 15656
429 15668
428 15668
428 15669
427 15669
427 15670
426 15670
426 15671
425 15671
425 15672
424 15672
424 15673
423 15673
423 15736
424 15736
424 15737
429 15737
429 15754
431 15754
431 15756
432 15756
432 15757
434 15757
434 15769
435 15769
435 15770
440 15770
440 15781
441 15781
441 15782
442 15782
442 15784
444 15784
444 15785
445 15785
445 15791
446 15791
446 15792
451 15792
451 15809
456 15809
456 15814
457 15814
457 15815
459 15815
459 15817
460 15817
460 15818
462 15818
462 15830
463 15830
463 15831
467 15831
467 15836
473 15836
473 15841
474 15841
474 15842
484 15842
484 15847
489 15847
489 15852
491 15852
491 15853
499 15853
499 15852
500 15852
500 15851
501 15851
501 15850
502 15850
502 15849
504 15849
504 15847
505 15847
505 15846
506 15846
506 15845
507 15845
507 15844
509 15844
509 15842
510 15842
510 15841
511 15841
511 15840
512 15840
512 15839
513 15839
513 15838
514 15838
514 15837
515 15837
515 15833
509 15833
509 15828
508 15828
508 15827
504 15827
504 15822
493 15822
493 15817
491 15817
491 15816
487 15816
487 15811
482 15811
482 15800
480 15800
480 15798
479 15798
479 15797
477 15797
477 15795
476 15795
476 15790
475 15790
475 15789
471 15789
471 15773
470 15773
470 15772
465 15772
465 15767
464 15767
464 15765
462 15765
462 15764
461 15764
461 15762
460 15762
460 15751
459 15751
459 15750
454 15750
454 15739
452 15739
452 15737
451 15737
451 15736
449 15736
449 15719
448 15719
448 15717
443 15717
443 15665
444 15665
444 15664
445 15664
445 15663
446 15663
446 15662
447 15662
447 15661
448 15661
448 15660
449 15660
449 15647
450 15647
450 15646
451 15646
451 15645
452 15645
452 15644
453 15644
453 15643
454 15643
454 15638
455 15638
455 15637
456 15637
456 15636
457 15636
457 15635
458 15635
458 15634
459 15634
459 15633
460 15633
460 15626
461 15626
461 15625
462 15625
462 15624
463 15624
463 15623
464 15623
464 15622
465 15622
465 15615
466 15615
466 15614
467 15614
467 15613
468 15613
468 15612
469 15612
469 15611
470 15611
470 15610
471 15610
471 15603
472 15603
472 15602
473 15602
473 15601
474 15601
474 15600
475 15600
475 15599
476 15599
476 15594
477 15594
477 15593
478 15593
478 15592
479 15592
479 15591
480 15591
480 15590
481 15590
481 15589
486 15589
486 15588
488 15588
488 15587
489 15587
489 15586
490 15586
490 15585
491 15585
491 15584
493 15584
493 15583
494 15583
494 15582
495 15582
495 15580
497 15580
497 15579
498 15579
498 15578
514 15578
514 15577
515 15577
515 15576
516 15576
516 15575
517 15575
517 15574
519 15574
519 15573
520 15573
520 15572
536 15572
536 15571
537 15571
537 15570
538 15570
538 15569
539 15569
539 15568
541 15568
541 15567
547 15567
547 15566
549 15566
549 15565
550 15565
550 15564
551 15564
551 15563
552 15563
552 15562
554 15562
554 15561
564 15561
564 15560
565 15560
565 15559
566 15559
566 15558
567 15558
567 15557
569 15557
569 15556
581 15556
581 15555
582 15555
582 15554
583 15554
583 15553
584 15553
584 15552
586 15552
586 15550
611 15550
611 15551
613 15551
613 15553
614 15553
614 15554
615 15554
615 15555
617 15555
617 15556
627 15556
627 15560
628 15560
628 15561
638 15561
638 15567
643 15567
643 15572
654 15572
654 15577
655 15577
655 15578
660 15578
660 15583
665 15583
665 15594
671 15594
671 15604
672 15604
672 15605
676 15605
676 15627
677 15627
677 15628
679 15628
679 15630
680 15630
680 15631
681 15631
681 15632
682 15632
682 15673
681 15673
681 15675
680 15675
680 15677
679 15677
679 15679
678 15679
678 15681
677 15681
677 15684
676 15684
676 15706
675 15706
675 15707
674 15707
674 15708
673 15708
673 15709
672 15709
672 15710
671 15710
671 15729
670 15729
670 15730
669 15730
669 15731
668 15731
668 15732
667 15732
667 15733
666 15733
666 15734
665 15734
665 15741
664 15741
664 15742
663 15742
663 15743
662 15743
662 15744
661 15744
661 15745
660 15745
660 15750
659 15750
659 15751
658 15751
658 15752
657 15752
657 15753
656 15753
656 15754
655 15754
655 15755
654 15755
654 15757
653 15757
653 15758
652 15758
652 15759
651 15759
651 15760
650 15760
650 15761
649 15761
649 15767
648 15767
648 15768
647 15768
647 15769
646 15769
646 15770
645 15770
645 15771
644 15771
644 15772
643 15772
643 15773
642 15773
642 15774
641 15774
641 15775
640 15775
640 15776
639 15776
639 15777
638 15777
638 15784
637 15784
637 15785
636 15785
636 15786
635 15786
635 15787
634 15787
634 15788
633 15788
633 15789
632 15789
632 15790
631 15790
631 15791
630 15791
630 15792
629 15792
629 15793
628 15793
628 15794
627 15794
627 15795
626 15795
626 15796
625 15796
625 15797
624 15797
624 15798
623 15798
623 15799
622 15799
622 15800
621 15800
621 15805
620 15805
620 15806
619 15806
619 15807
618 15807
618 15808
617 15808
617 15809
616 15809
616 15810
615 15810
615 15811
614 15811
614 15812
613 15812
613 15813
612 15813
612 15814
611 15814
611 15815
610 15815
610 15816
609 15816
609 15817
608 15817
608 15819
607 15819
607 15820
606 15820
606 15821
605 15821
605 15822
604 15822
604 15823
603 15823
603 15824
602 15824
602 15825
601 15825
601 15826
600 15826
600 15827
599 15827
599 15828
598 15828
598 15829
597 15829
597 15830
596 15830
596 15831
595 15831
595 15832
594 15832
594 15833
593 15833
593 15834
592 15834
592 15835
591 15835
591 15836
590 15836
590 15837
589 15837
589 15838
588 15838
588 15840
587 15840
587 15841
586 15841
586 15842
585 15842
585 15843
584 15843
584 15844
583 15844
583 15849
582 15849
582 15850
581 15850
581 15851
580 15851
580 15852
579 15852
579 15853
578 15853
578 15854
577 15854
577 15856
576 15856
576 15857
575 15857
575 15858
574 15858
574 15859
573 15859
573 15860
572 15860
572 15861
571 15861
571 15862
570 15862
570 15863
569 15863
569 15864
568 15864
568 15865
567 15865
567 15866
566 15866
566 15871
565 15871
565 15872
564 15872
564 15873
563 15873
563 15874
562 15874
562 15875
561 15875
561 15876
560 15876
560 15877
559 15877
559 15878
558 15878
558 15879
557 15879
557 15880
556 15880
556 15881
555 15881
555 15882
554 15882
554 15883
553 15883
553 15885
552 15885
552 15886
551 15886
551 15887
550 15887
550 15888
549 15888
549 15889
548 15889
548 15890
547 15890
547 15891
546 15891
546 15892
545 15892
545 15893
544 15893
544 15894
543 15894
543 15895
542 15895
542 15896
541 15896
541 15897
540 15897
540 15898
539 15898
539 15899
538 15899
538 15900
537 15900
537 15901
536 15901
536 15902
535 15902
535 15903
534 15903
534 15904
533 15904
533 15905
532 15905
532 15906
531 15906
531 15907
530 15907
530 15908
529 15908
529 15909
528 15909
528 15911
527 15911
527 15912
526 15912
526 15913
525 15913
525 15914
524 15914
524 15915
523 15915
523 15916
522 15916
522 15921
521 15921
521 15922
520 15922
520 15923
519 15923
519 15924
518 15924
518 15925
517 15925
517 15926
516 15926
516 15927
515 15927
515 15928
514 15928
514 15929
513 15929
513 15930
512 15930
512 15931
511 15931
511 15932
510 15932
510 15933
509 15933
509 15934
508 15934
508 15935
507 15935
507 15936
506 15936
506 15937
505 15937
505 15938
504 15938
504 15939
503 15939
503 15940
502 15940
502 15941
501 15941
501 15942
500 15942
500 15948
499 15948
499 15949
498 15949
498 15950
497 15950
497 15952
496 15952
496 15953
495 15953
495 15954
494 15954
494 15955
493 15955
493 15956
492 15956
492 15957
491 15957
491 15958
490 15958
490 15959
489 15959
489 15960
488 15960
488 15961
487 15961
487 15962
486 15962
486 15963
485 15963
485 15964
484 15964
484 15970
483 15970
483 15971
482 15971
482 15972
481 15972
481 15973
480 15973
480 15974
479 15974
479 15976
478 15976
478 15977
477 15977
477 15978
476 15978
476 15979
475 15979
475 15980
474 15980
474 15981
473 15981
473 15987
472 15987
472 15988
471 15988
471 15989
470 15989
470 15990
469 15990
469 15991
468 15991
468 15992
467 15992
467 15994
466 15994
466 15995
465 15995
465 15996
464 15996
464 15997
463 15997
463 15998
462 15998
462 16000
478 16000
478 15999
479 15999
479 15998
480 15998
480 15997
481 15997
481 15996
482 15996
482 15989
483 15989
483 15988
484 15988
484 15987
485 15987
485 15986
487 15986
487 15984
488 15984
488 15983
489 15983
489 15982
490 15982
490 15981
491 15981
491 15980
492 15980
492 15979
493 15979
493 15972
494 15972
494 15971
495 15971
495 15970
496 15970
496 15969
497 15969
497 15968
498 15968
498 15962
499 15962
499 15961
500 15961
500 15960
501 15960
501 15959
503 15959
503 15957
504 15957
504 15956
505 15956
505 15955
506 15955
506 15954
508 15954
508 15952
509 15952
509 15951
510 15951
510 15950
511 15950
511 15949
512 15949
512 15948
513 15948
513 15947
514 15947
514 15945
515 15945
515 15940
516 15940
516 15939
517 15939
517 15938
518 15938
518 15937
519 15937
519 15936
520 15936
520 15934
521 15934
521 15933
522 15933
522 15932
523 15932
523 15931
524 15931
524 15930
525 15930
525 15929
526 15929
526 15924
527 15924
527 15923
528 15923
528 15922
529 15922
529 15921
530 15921
530 15920
531 15920
531 15919
532 15919
532 15918
533 15918
533 15916
535 15916
535 15915
536 15915
536 15913
537 15913
537 15912
538 15912
538 15911
539 15911
539 15910
541 15910
541 15909
542 15909
542 15907
543 15907
543 15906
544 15906
544 15905
545 15905
545 15904
547 15904
547 15902
548 15902
548 15901
549 15901
549 15900
550 15900
550 15899
552 15899
552 15898
553 15898
553 15896
554 15896
554 15895
555 15895
555 15894
556 15894
556 15893
558 15893
558 15891
559 15891
559 15890
560 15890
560 15889
561 15889
561 15890
562 15890
562 15891
567 15891
567 15892
568 15892
568 15893
570 15893
570 15895
571 15895
571 15896
573 15896
573 15897
577 15897
577 15901
578 15901
578 15902
583 15902
583 15907
584 15907
584 15908
594 15908
594 15912
595 15912
595 15913
599 15913
599 15919
605 15919
605 15923
606 15923
606 15924
611 15924
611 15925
613 15925
613 15927
614 15927
614 15928
615 15928
615 15929
617 15929
617 15930
621 15930
621 15934
622 15934
622 15935
627 15935
627 15940
628 15940
628 15941
632 15941
632 15951
633 15951
633 15952
638 15952
638 15957
643 15957
643 15962
644 15962
644 15963
649 15963
649 15968
654 15968
654 15973
655 15973
655 15975
656 15975
656 15976
658 15976
658 15977
659 15977
659 15979
660 15979
660 15990
665 15990
665 16000
691 16000
691 15988
690 15988
690 15987
685 15987
685 15971
684 15971
684 15970
680 15970
680 15961
679 15961
679 15959
678 15959
678 15957
676 15957
676 15956
675 15956
675 15955
674 15955
674 15949
673 15949
673 15948
669 15948
669 15944
668 15944
668 15943
663 15943
663 15938
662 15938
662 15937
658 15937
658 15933
657 15933
657 15932
652 15932
652 15921
647 15921
647 15916
646 15916
646 15915
641 15915
641 15910
635 15910
635 15909
634 15909
634 15908
633 15908
633 15907
631 15907
631 15905
630 15905
630 15904
625 15904
625 15899
619 15899
619 15893
614 15893
614 15888
603 15888
603 15883
602 15883
602 15882
597 15882
597 15877
591 15877
591 15876
590 15876
590 15875
588 15875
588 15873
587 15873
587 15872
586 15872
586 15871
581 15871
581 15863
582 15863
582 15862
583 15862
583 15861
584 15861
584 15860
585 15860
585 15859
586 15859
586 15857
587 15857
587 15856
588 15856
588 15855
589 15855
589 15854
591 15854
591 15852
592 15852
592 15851
593 15851
593 15850
594 15850
594 15849
595 15849
595 15848
596 15848
596 15847
597 15847
597 15841
598 15841
598 15840
599 15840
599 15839
600 15839
600 15838
602 15838
602 15837
603 15837
603 15835
604 15835
604 15834
605 15834
605 15833
606 15833
606 15832
608 15832
608 15830
609 15830
609 15829
610 15829
610 15828
611 15828
611 15827
613 15827
613 15826
614 15826
614 15824
615 15824
615 15823
616 15823
616 15822
617 15822
617 15821
619 15821
619 15819
620 15819
620 15818
621 15818
621 15817
622 15817
622 15816
623 15816
623 15815
625 15815
625 15813
626 15813
626 15812
627 15812
627 15811
628 15811
628 15810
630 15810
630 15808
631 15808
631 15807
632 15807
632 15806
633 15806
633 15805
634 15805
634 15804
635 15804
635 15803
636 15803
636 15797
637 15797
637 15796
638 15796
638 15795
639 15795
639 15794
640 15794
640 15793
641 15793
641 15791
642 15791
642 15790
643 15790
643 15789
645 15789
645 15788
646 15788
646 15786
647 15786
647 15785
648 15785
648 15784
649 15784
649 15783
651 15783
651 15781
652 15781
652 15780
653 15780
653 15779
654 15779
654 15778
655 15778
655 15777
656 15777
656 15776
657 15776
657 15774
658 15774
658 15769
659 15769
659 15768
660 15768
660 15767
661 15767
661 15766
663 15766
663 15764
664 15764
664 15763
665 15763
665 15762
666 15762
666 15761
667 15761
667 15760
668 15760
668 15759
669 15759
669 15753
670 15753
670 15752
671 15752
671 15751
672 15751
672 15750
673 15750
673 15749
674 15749
674 15742
675 15742
675 15741
676 15741
676 15740
677 15740
677 15739
679 15739
679 15737
680 15737
680 15736
681 15736
681 15735
682 15735
682 15734
683 15734
683 15733
684 15733
684 15732
685 15732
685 15725
686 15725
686 15724
687 15724
687 15723
688 15723
688 15722
689 15722
689 15721
690 15721
690 15720
691 15720
691 15698
692 15698
692 15697
693 15697
693 15696
694 15696
694 15695
695 15695
695 15694
696 15694
696 15670
697 15670
697 15667
698 15667
698 15665
699 15665
699 15663
700 15663
700 15661
701 15661
701 15659
702 15659
702 15614
701 15614
701 15612
700 15612
700 15611
699 15611
699 15610
697 15610
697 15608
696 15608
696 15585
691 15585
691 15574
685 15574
685 15564
684 15564
684 15563
680 15563
680 15559
679 15559
679 15558
674 15558
674 15553
673 15553
673 15552
663 15552
663 15548
662 15548
662 15547
658 15547
658 15541
647 15541
647 15536
635 15536
635 15535
634 15535
634 15534
633 15534
633 15533
631 15533
631 15531
630 15531
630 15530
613 15530
613 15529
614 15529
614 15527
616 15527
616 15526
617 15526
617 15525
618 15525
618 15523
619 15523
619 15522
620 15522
620 15521
621 15521
621 15520
622 15520
622 15519
624 15519
624 15517
625 15517
625 15516
626 15516
626 15515
627 15515
627 15514
629 15514
629 15512
630 15512
630 15511
631 15511
631 15510
632 15510
632 15509
633 15509
633 15508
634 15508
634 15507
635 15507
635 15506
640 15506
640 15505
642 15505
642 15504
643 15504
643 15503
644 15503
644 15502
645 15502
645 15501
647 15501
647 15499
648 15499
648 15498
649 15498
649 15497
650 15497
650 15496
652 15496
652 15494
653 15494
653 15493
654 15493
654 15492
655 15492
655 15491
657 15491
657 15489
658 15489
658 15488
659 15488
659 15487
660 15487
660 15486
662 15486
662 15485
663 15485
663 15483
664 15483
664 15482
665 15482
665 15481
667 15481
667 15480
668 15480
668 15478
669 15478
669 15477
670 15477
670 15476
671 15476
671 15475
672 15475
672 15474
673 15474
673 15473
674 15473
674 15462
675 15462
675 15461
676 15461
676 15460
677 15460
677 15458
678 15458
678 15457
679 15457
679 15455
680 15455
680 15450
681 15450
681 15449
682 15449
682 15448
683 15448
683 15447
684 15447
684 15445
685 15445
685 15429
774 15429
774 15428
776 15428
776 15427
778 15427
778 15426
779 15426
779 15425
781 15425
781 15424
795 15424
795 15423
796 15423
796 15422
797 15422
797 15421
798 15421
798 15420
800 15420
800 15419
801 15419
801 15418
812 15418
812 15417
813 15417
813 15416
814 15416
814 15415
815 15415
815 15414
817 15414
817 15413
822 15413
822 15412
823 15412
823 15411
824 15411
824 15410
825 15410
825 15409
827 15409
827 15407
833 15407
833 15406
834 15406
834 15405
835 15405
835 15404
836 15404
836 15403
838 15403
838 15402
839 15402
839 15401
840 15401
840 15400
841 15400
841 15399
842 15399
842 15398
844 15398
844 15396
845 15396
845 15395
846 15395
846 15394
847 15394
847 15393
849 15393
849 15391
866 15391
866 15390
867 15390
867 15389
868 15389
868 15388
869 15388
869 15387
871 15387
871 15385
872 15385
872 15384
873 15384
873 15383
874 15383
874 15382
876 15382
876 15380
877 15380
877 15379
878 15379
878 15378
879 15378
879 15377
880 15377
880 15376
881 15376
881 15375
882 15375
882 15373
883 15373
883 15372
884 15372
884 15371
885 15371
885 15370
886 15370
886 15369
887 15369
887 15365
879 15365
879 15366
878 15366
878 15367
877 15367
877 15368
876 15368
876 15369
875 15369
875 15370
874 15370
874 15371
857 15371
857 15372
856 15372
856 15373
855 15373
855 15374
854 15374
854 15375
853 15375
853 15376
852 15376
852 15377
851 15377
851 15378
850 15378
850 15379
849 15379
849 15380
848 15380
848 15381
847 15381
847 15382
846 15382
846 15383
845 15383
845 15384
844 15384
844 15385
843 15385
843 15386
842 15386
842 15387
835 15387
835 15388
834 15388
834 15389
833 15389
833 15390
832 15390
832 15391
831 15391
831 15392
830 15392
830 15393
829 15393
829 15394
828 15394
828 15395
827 15395
827 15396
826 15396
826 15397
825 15397
825 15398
813 15398
813 15399
812 15399
812 15400
811 15400
811 15401
810 15401
810 15402
809 15402
809 15403
808 15403
808 15404
795 15404
795 15405
793 15405
793 15406
791 15406
791 15407
790 15407
790 15408
788 15408
788 15409
692 15409
692 15410
691 15410
691 15411
690 15411
690 15412
689 15412
689 15413
688 15413
688 15414
687 15414
687 15415
686 15415
686 15416
685 15416
685 15398
683 15398
683 15396
682 15396
682 15395
680 15395
680 15382
674 15382
674 15365
669 15365
669 15355
667 15355
667 15354
663 15354
663 15348
661 15348
661 15347
660 15347
660 15345
658 15345
658 15344
657 15344
657 15343
656 15343
656 15341
654 15341
654 15340
653 15340
653 15338
647 15338
647 15332
639 15332
639 15330
638 15330
638 15329
637 15329
637 15328
635 15328
635 15327
629 15327
629 15326
628 15326
628 15324
626 15324
626 15323
625 15323
625 15322
623 15322
623 15321
618 15321
618 15320
616 15320
616 15318
615 15318
615 15317
614 15317
614 15316
603 15316
603 15311
601 15311
601 15310
602 15310
602 15309
603 15309
603 15308
604 15308
604 15307
605 15307
605 15306
606 15306
606 15305
607 15305
607 15304
608 15304
608 15303
609 15303
609 15302
610 15302
610 15301
611 15301
611 15299
613 15299
613 15298
614 15298
614 15296
615 15296
615 15295
616 15295
616 15294
617 15294
617 15293
619 15293
619 15291
620 15291
620 15290
621 15290
621 15289
622 15289
622 15288
624 15288
624 15287
625 15287
625 15285
626 15285
626 15284
627 15284
627 15283
628 15283
628 15282
630 15282
630 15280
631 15280
631 15279
632 15279
632 15278
633 15278
633 15277
634 15277
634 15276
635 15276
635 15275
636 15275
636 15223
634 15223
634 15222
630 15222
630 15216
628 15216
628 15215
627 15215
627 15213
626 15213
626 15212
625 15212
625 15206
619 15206
619 15200
608 15200
608 15195
597 15195
597 15190
596 15190
596 15189
471 15189
471 15188
472 15188
472 15187
473 15187
473 15186
474 15186
474 15182
475 15182
475 15181
476 15181
476 15167
475 15167
475 15166
473 15166
473 15164
472 15164
472 15163
471 15163
471 15152
470 15152
470 15151
465 15151
465 15145
464 15145
464 15144
462 15144
462 15142
461 15142
461 15141
460 15141
460 15132
475 15132
475 15131
477 15131
477 15130
478 15130
478 15129
479 15129
479 15128
480 15128
480 15127
498 15127
498 15126
499 15126
499 15125
500 15125
500 15124
501 15124
501 15123
503 15123
503 15121
504 15121
504 15120
505 15120
505 15119
506 15119
506 15118
508 15118
508 15117
509 15117
509 15116
514 15116
514 15115
515 15115
515 15114
516 15114
516 15113
517 15113
517 15112
519 15112
519 15111
520 15111
520 15109
521 15109
521 15108
522 15108
522 15107
524 15107
524 15106
525 15106
525 15104
526 15104
526 15103
527 15103
527 15102
528 15102
528 15101
530 15101
530 15099
531 15099
531 15098
532 15098
532 15097
533 15097
533 15096
534 15096
534 15095
536 15095
536 15094
537 15094
537 15092
538 15092
538 15091
539 15091
539 15090
541 15090
541 15089
542 15089
542 15087
543 15087
543 15086
544 15086
544 15085
545 15085
545 15084
546 15084
546 15083
547 15083
547 15082
548 15082
548 15076
549 15076
549 15075
550 15075
550 15074
551 15074
551 15073
552 15073
552 15072
553 15072
553 15066
554 15066
554 15065
555 15065
555 15064
556 15064
556 15063
557 15063
557 15062
558 15062
558 15061
559 15061
559 15035
555 15035
555 15036
554 15036
554 15037
553 15037
553 15038
552 15038
552 15039
551 15039
551 15040
550 15040
550 15041
549 15041
549 15042
548 15042
548 15043
547 15043
547 15044
546 15044
546 15045
545 15045
545 15046
544 15046
544 15047
543 15047
543 15048
542 15048
542 15049
541 15049
541 15050
540 15050
540 15051
539 15051
539 15069
538 15069
538 15070
537 15070
537 15071
536 15071
536 15072
535 15072
535 15073
534 15073
534 15074
533 15074
533 15080
532 15080
532 15081
531 15081
531 15082
530 15082
530 15083
529 15083
529 15084
528 15084
528 15090
527 15090
527 15091
526 15091
526 15092
525 15092
525 15093
524 15093
524 15094
523 15094
523 15095
522 15095
522 15096
521 15096
521 15097
520 15097
520 15098
519 15098
519 15099
518 15099
518 15100
517 15100
517 15101
511 15101
511 15102
510 15102
510 15103
509 15103
509 15104
508 15104
508 15105
507 15105
507 15106
506 15106
506 15107
489 15107
489 15108
488 15108
488 15109
487 15109
487 15110
486 15110
486 15111
485 15111
485 15112
449 15112
449 15107
445 15107
445 15108
444 15108
444 15109
443 15109
443 15110
442 15110
442 15111
441 15111
441 15112
410 15112
410 15107
399 15107
399 15102
398 15102
398 15101
394 15101
394 15096
388 15096
388 15091
387 15091
387 15090
383 15090
383 15081
382 15081
382 15079
377 15079
377 15038
378 15038
378 15037
379 15037
379 15036
380 15036
380 15035
381 15035
381 15034
382 15034
382 15032
383 15032
383 15026
384 15026
384 15025
385 15025
385 15024
386 15024
386 15023
387 15023
387 15021
388 15021
388 15016
389 15016
389 15015
390 15015
390 15014
391 15014
391 15013
392 15013
392 15012
393 15012
393 15011
394 15011
394 15006
398 15006
398 15005
400 15005
400 15004
401 15004
401 15003
402 15003
402 15002
403 15002
403 15001
405 15001
405 15000
406 15000
406 14999
407 14999
407 14997
409 14997
409 14996
410 14996
410 14995
416 14995
416 14994
417 14994
417 14993
418 14993
418 14992
419 14992
419 14991
421 14991
421 14989
422 14989
422 14988
423 14988
423 14987
424 14987
424 14986
426 14986
426 14984
436 14984
436 14983
438 14983
438 14982
439 14982
439 14981
441 14981
441 14980
442 14980
442 14979
443 14979
443 14978
454 14978
454 14977
455 14977
455 14976
457 14976
457 14975
458 14975
458 14974
459 14974
459 14973
555 14973
555 14977
556 14977
556 14978
566 14978
566 14982
567 14982
567 14984
577 14984
577 14989
588 14989
588 14994
590 14994
590 14995
599 14995
599 14999
600 14999
600 15000
610 15000
610 15004
611 15004
611 15006
616 15006
616 15011
621 15011
621 15015
622 15015
622 15017
627 15017
627 15022
632 15022
632 15026
633 15026
633 15028
638 15028
638 15033
643 15033
643 15037
644 15037
644 15039
649 15039
649 15044
654 15044
654 15048
655 15048
655 15050
660 15050
660 15055
665 15055
665 15059
666 15059
666 15061
671 15061
671 15066
677 15066
677 15067
679 15067
679 15069
680 15069
680 15070
682 15070
682 15072
683 15072
683 15073
685 15073
685 15075
686 15075
686 15076
687 15076
687 15081
688 15081
688 15083
694 15083
694 15084
695 15084
695 15085
696 15085
696 15086
698 15086
698 15088
704 15088
704 15094
715 15094
715 15099
732 15099
732 15100
734 15100
734 15102
735 15102
735 15103
736 15103
736 15104
738 15104
738 15105
754 15105
754 15106
755 15106
755 15107
757 15107
757 15108
758 15108
758 15110
776 15110
776 15111
777 15111
777 15112
779 15112
779 15114
780 15114
780 15115
782 15115
782 15116
834 15116
834 15115
835 15115
835 15114
836 15114
836 15113
837 15113
837 15112
839 15112
839 15110
840 15110
840 15109
841 15109
841 15108
842 15108
842 15107
844 15107
844 15105
845 15105
845 15104
846 15104
846 15103
847 15103
847 15102
848 15102
848 15101
849 15101
849 15100
850 15100
850 15093
852 15093
852 15092
853 15092
853 15090
855 15090
855 15089
856 15089
856 15088
857 15088
857 15087
858 15087
858 15086
859 15086
859 15085
860 15085
860 15084
861 15084
861 15083
862 15083
862 15081
864 15081
864 15080
865 15080
865 15078
866 15078
866 15077
867 15077
867 15076
868 15076
868 15075
869 15075
869 15074
870 15074
870 15073
871 15073
871 15071
872 15071
872 15060
873 15060
873 15059
874 15059
874 15058
875 15058
875 15057
876 15057
876 15056
877 15056
877 15055
878 15055
878 15042
879 15042
879 15041
880 15041
880 15040
881 15040
881 15039
882 15039
882 15038
883 15038
883 15021
884 15021
884 15020
885 15020
885 15019
886 15019
886 15018
887 15018
887 15017
888 15017
888 15016
889 15016
889 14938
888 14938
888 14936
883 14936
883 14925
879 14925
879 14926
878 14926
878 14927
877 14927
877 14928
876 14928
876 14929
875 14929
875 14930
874 14930
874 14931
873 14931
873 14932
872 14932
872 14933
871 14933
871 14934
870 14934
870 14935
869 14935
869 14936
868 14936
868 14937
867 14937
867 14938
866 14938
866 14939
865 14939
865 14940
864 14940
864 14941
863 14941
863 14955
864 14955
864 14956
869 14956
869 15025
868 15025
868 15026
867 15026
867 15027
866 15027
866 15028
865 15028
865 15029
864 15029
864 15030
863 15030
863 15047
862 15047
862 15048
861 15048
861 15049
860 15049
860 15050
859 15050
859 15051
858 15051
858 15063
857 15063
857 15064
856 15064
856 15065
855 15065
855 15066
854 15066
854 15067
853 15067
853 15068
852 15068
852 15080
851 15080
851 15081
850 15081
850 15082
849 15082
849 15083
848 15083
848 15084
847 15084
847 15085
846 15085
846 15086
845 15086
845 15087
844 15087
844 15088
843 15088
843 15089
842 15089
842 15090
841 15090
841 15091
840 15091
840 15092
839 15092
839 15093
838 15093
838 15094
837 15094
837 15095
836 15095
836 15096
800 15096
800 15095
799 15095
799 15094
797 15094
797 15092
796 15092
796 15091
794 15091
794 15090
777 15090
777 15088
775 15088
775 15087
774 15087
774 15086
772 15086
772 15085
756 15085
756 15084
755 15084
755 15083
754 15083
754 15082
752 15082
752 15080
751 15080
751 15079
735 15079
735 15075
734 15075
734 15074
724 15074
724 15068
716 15068
716 15066
715 15066
715 15065
714 15065
714 15064
712 15064
712 15063
707 15063
707 15057
706 15057
706 15056
705 15056
705 15055
703 15055
703 15053
702 15053
702 15052
700 15052
700 15050
699 15050
699 15049
697 15049
697 15047
696 15047
696 15046
691 15046
691 15042
690 15042
690 15041
685 15041
685 15035
680 15035
680 15031
679 15031
679 15030
674 15030
674 15024
669 15024
669 15020
668 15020
668 15019
663 15019
663 15013
658 15013
658 15009
657 15009
657 15008
652 15008
652 15002
647 15002
647 14998
646 14998
646 14997
641 14997
641 14991
636 14991
636 14987
635 14987
635 14986
630 14986
630 14980
619 14980
619 14975
608 14975
608 14970
607 14970
607 14969
608 14969
608 14967
609 14967
609 14966
610 14966
610 14965
611 14965
611 14964
612 14964
612 14963
614 14963
614 14961
615 14961
615 14960
616 14960
616 14959
617 14959
617 14958
619 14958
619 14956
620 14956
620 14955
621 14955
621 14954
622 14954
622 14953
623 14953
623 14952
625 14952
625 14950
626 14950
626 14949
627 14949
627 14948
628 14948
628 14947
630 14947
630 14946
631 14946
631 14944
632 14944
632 14943
634 14943
634 14941
636 14941
636 14939
637 14939
637 14938
639 14938
639 14936
640 14936
640 14935
641 14935
641 14934
642 14934
642 14933
643 14933
643 14932
644 14932
644 14931
645 14931
645 14929
646 14929
646 14928
647 14928
647 14920
646 14920
646 14918
647 14918
647 14917
648 14917
648 14916
649 14916
649 14915
650 14915
650 14914
