1512
-151 10385
-156 10385
-156 10387
-158 10387
-158 10389
-159 10389
-159 10390
-161 10390
-161 10394
-158 10394
-158 10399
-155 10399
-155 10401
-148 10401
-148 10407
-146 10407
-146 10413
-141 10413
-141 10421
-137 10421
-137 10427
-136 10427
-136 10429
-135 10429
-135 10432
-127 10432
-127 10437
-125 10437
-125 10438
-121 10438
-121 10439
-117 10439
-117 10446
-112 10446
-112 10449
-105 10449
-105 10452
-101 10452
-101 10456
-95 10456
-95 10462
-87 10462
-87 10463
-80 10463
-80 10469
-74 10469
-74 10477
-71 10477
-71 10479
-63 10479
-63 10486
-56 10486
-56 10494
-48 10494
-48 10501
-45 10501
-45 10508
-41 10508
-41 10512
-33 10512
-33 10519
-29 10519
-29 10522
-23 10522
-23 10530
-18 10530
-18 10534
-15 10534
-15 10542
-8 10542
-8 10550
-3 10550
-3 10556
5 10556
5 10559
9 10559
9 10564
12 10564
12 10570
19 10570
19 10572
23 10572
23 10577
24 10577
24 10580
28 10580
28 10583
30 10583
30 10590
36 10590
36 10591
41 10591
41 10593
44 10593
44 10595
45 10595
45 10603
50 10603
50 10606
57 10606
57 10609
60 10609
60 10613
61 10613
61 10615
67 10615
67 10619
74 10619
74 10627
75 10627
75 10632
76 10632
76 10637
77 10637
77 10639
84 10639
84 10643
88 10643
88 10651
90 10651
90 10653
98 10653
98 10660
101 10660
101 10663
109 10663
109 10666
111 10666
111 10671
117 10671
117 10679
124 10679
124 10687
127 10687
127 10694
128 10694
128 10695
130 10695
130 10702
138 10702
138 10705
141 10705
141 10706
148 10706
148 10710
150 10710
150 10715
157 10715
157 10720
162 10720
162 10721
168 10721
168 10725
175 10725
175 10733
181 10733
181 10739
184 10739
184 10746
186 10746
186 10754
193 10754
193 10755
200 10755
200 10756
207 10756
207 10763
208 10763
208 10764
214 10764
214 10765
217 10765
217 10773
218 10773
218 10774
221 10774
221 10776
226 10776
226 10778
232 10778
232 10779
234 10779
234 10783
239 10783
239 10791
242 10791
242 10793
247 10793
247 10798
248 10798
248 10805
252 10805
252 10812
259 10812
259 10814
266 10814
266 10819
267 10819
267 10827
272 10827
272 10833
280 10833
280 10840
285 10840
285 10848
292 10848
292 10856
293 10856
293 10857
1082 10857
1082 10854
1094 10854
1094 10852
1077 10852
1077 10851
1079 10851
1079 10849
1067 10849
1067 10848
1085 10848
1085 10846
1080 10846
1080 10845
1100 10845
1100 10843
1087 10843
1087 10842
1091 10842
1091 10840
1081 10840
1081 10839
1082 10839
1082 10837
1062 10837
1062 10836
1080 10836
1080 10834
1069 10834
1069 10833
1081 10833
1081 10831
1069 10831
1069 10830
1082 10830
1082 10828
1069 10828
1069 10827
1087 10827
1087 10825
1069 10825
1069 10824
1086 10824
1086 10822
1077 10822
1077 10821
1091 10821
1091 10819
1073 10819
1073 10818
1077 10818
1077 10816
1076 10816
1076 10815
1083 10815
1083 10813
1076 10813
1076 10812
1087 10812
1087 10810
1081 10810
1081 10809
1096 10809
1096 10807
1082 10807
1082 10806
1084 10806
1084 10804
1067 10804
1067 10803
1085 10803
1085 10801
1074 10801
1074 10800
1087 10800
1087 10798
1070 10798
1070 10797
1085 10797
1085 10795
1077 10795
1077 10794
1083 10794
1083 10792
1068 10792
1068 10791
1088 10791
1088 10789
1073 10789
1073 10788
1079 10788
1079 10786
1076 10786
1076 10785
1094 10785
1094 10783
1076 10783
1076 10782
1091 10782
1091 10780
1083 10780
1083 10779
1090 10779
1090 10777
1086 10777
1086 10776
1094 10776
1094 10774
1093 10774
1093 10773
1094 10773
1094 10771
1082 10771
1082 10770
1095 10770
1095 10768
1076 10768
1076 10767
1094 10767
1094 10765
1079 10765
1079 10764
1083 10764
1083 10762
1070 10762
1070 10761
1071 10761
1071 10759
1054 10759
1054 10758
1055 10758
1055 10756
1037 10756
1037 10755
1056 10755
1056 10753
1051 10753
1051 10752
1057 10752
1057 10750
1044 10750
1044 10749
1057 10749
1057 10747
1053 10747
1053 10746
1073 10746
1073 10744
1069 10744
1069 10743
1087 10743
1087 10741
1082 10741
1082 10740
1088 10740
1088 10738
1072 10738
1072 10737
1086 10737
1086 10735
1066 10735
1066 10734
1081 10734
1081 10732
1068 10732
1068 10731
1071 10731
1071 10729
1069 10729
1069 10728
1082 10728
1082 10726
1066 10726
1066 10725
1079 10725
1079 10723
1062 10723
1062 10722
1076 10722
1076 10720
1073 10720
1073 10719
1076 10719
1076 10717
1066 10717
1066 10716
1081 10716
1081 10714
1078 10714
1078 10713
1096 10713
1096 10711
1089 10711
1089 10710
1109 10710
1109 10708
1092 10708
1092 10707
1103 10707
1103 10705
1097 10705
1097 10704
1098 10704
1098 10702
1083 10702
1083 10701
1084 10701
1084 10699
1064 10699
1064 10698
1082 10698
1082 10696
1064 10696
1064 10695
1080 10695
1080 10693
1077 10693
1077 10692
1082 10692
1082 10690
1072 10690
1072 10689
1087 10689
1087 10687
1068 10687
1068 10686
1070 10686
1070 10684
1061 10684
1061 10683
1062 10683
1062 10681
1056 10681
1056 10680
1060 10680
1060 10678
1055 10678
1055 10677
1069 10677
1069 10675
1059 10675
1059 10674
1066 10674
1066 10672
1050 10672
1050 10671
1061 10671
1061 10669
1048 10669
1048 10668
1067 10668
1067 10666
1059 10666
1059 10665
1078 10665
1078 10663
1068 10663
1068 10662
1084 10662
1084 10660
1082 10660
1082 10659
1089 10659
1089 10657
1080 10657
1080 10656
1096 10656
1096 10654
1089 10654
1089 10653
1109 10653
1109 10651
1103 10651
1103 10650
1108 10650
1108 10648
1092 10648
1092 10647
1100 10647
1100 10645
1091 10645
1091 10644
1108 10644
1108 10642
1094 10642
1094 10641
1114 10641
1114 10639
1104 10639
1104 10638
1107 10638
1107 10636
1087 10636
1087 10635
1094 10635
1094 10633
1076 10633
1076 10632
1080 10632
1080 10630
1060 10630
1060 10629
1067 10629
1067 10627
1064 10627
1064 10626
1079 10626
1079 10624
1070 10624
1070 10623
1085 10623
1085 10621
1080 10621
1080 10620
1097 10620
1097 10618
1083 10618
1083 10617
1098 10617
1098 10615
1094 10615
1094 10614
1101 10614
1101 10612
1100 10612
1100 10611
1112 10611
1112 10609
1110 10609
1110 10608
1130 10608
1130 10606
1126 10606
1126 10605
1133 10605
1133 10603
1129 10603
1129 10602
1140 10602
1140 10600
1133 10600
1133 10599
1137 10599
1137 10597
1130 10597
1130 10596
1142 10596
1142 10594
1139 10594
1139 10593
1147 10593
1147 10591
1133 10591
1133 10590
1147 10590
1147 10588
1133 10588
1133 10587
1145 10587
1145 10585
1127 10585
1127 10584
1140 10584
1140 10582
1130 10582
1130 10581
1142 10581
1142 10579
1123 10579
1123 10578
1142 10578
1142 10576
1136 10576
1136 10575
1152 10575
1152 10573
1145 10573
1145 10572
1156 10572
1156 10570
1146 10570
1146 10569
1148 10569
1148 10567
1131 10567
1131 10566
1133 10566
1133 10564
1127 10564
1127 10563
1138 10563
1138 10561
1137 10561
1137 10560
1146 10560
1146 10558
1137 10558
1137 10557
1153 10557
1153 10555
1134 10555
1134 10554
1149 10554
1149 10552
1129 10552
1129 10551
1134 10551
1134 10549
1127 10549
1127 10548
1141 10548
1141 10546
1137 10546
1137 10545
1149 10545
1149 10543
1141 10543
1141 10542
1158 10542
1158 10540
1143 10540
1143 10539
1160 10539
1160 10537
1151 10537
1151 10536
1168 10536
1168 10534
1160 10534
1160 10533
1179 10533
1179 10531
1172 10531
1172 10530
1177 10530
1177 10528
1163 10528
1163 10527
1176 10527
1176 10525
1160 10525
1160 10524
1175 10524
1175 10522
1169 10522
1169 10521
1173 10521
1173 10519
1156 10519
1156 10518
1167 10518
1167 10516
1153 10516
1153 10515
1162 10515
1162 10513
1143 10513
1143 10512
1146 10512
1146 10510
1141 10510
1141 10509
1158 10509
1158 10507
1149 10507
1149 10506
1165 10506
1165 10504
1152 10504
1152 10503
1159 10503
1159 10501
1158 10501
1158 10500
1174 10500
1174 10498
1163 10498
1163 10497
1183 10497
1183 10495
1171 10495
1171 10494
1176 10494
1176 10492
1160 10492
1160 10491
1172 10491
1172 10489
1159 10489
1159 10488
1174 10488
1174 10486
1171 10486
1171 10485
1190 10485
1190 10483
1178 10483
1178 10482
1194 10482
1194 10480
1191 10480
1191 10479
1198 10479
1198 10477
1187 10477
1187 10476
1196 10476
1196 10474
1186 10474
1186 10473
1205 10473
1205 10471
1186 10471
1186 10470
1202 10470
1202 10468
1195 10468
1195 10467
1205 10467
1205 10465
1195 10465
1195 10464
1198 10464
1198 10462
1192 10462
1192 10461
1210 10461
1210 10459
1200 10459
1200 10458
1211 10458
1211 10456
1194 10456
1194 10455
1205 10455
1205 10453
1187 10453
1187 10452
1194 10452
1194 10450
1184 10450
1184 10449
1186 10449
1186 10447
1183 10447
1183 10446
1201 10446
1201 10444
1196 10444
1196 10443
1212 10443
1212 10441
1208 10441
1208 10440
1215 10440
1215 10438
1201 10438
1201 10437
1216 10437
1216 10435
1213 10435
1213 10434
1222 10434
1222 10432
1209 10432
1209 10431
1214 10431
1214 10429
1197 10429
1197 10428
1212 10428
1212 10426
1209 10426
1209 10425
1216 10425
1216 10423
1206 10423
1206 10422
1207 10422
1207 10420
1191 10420
1191 10419
1210 10419
1210 10417
1194 10417
1194 10416
1208 10416
1208 10414
1200 10414
1200 10413
1205 10413
1205 10411
1201 10411
1201 10410
1205 10410
1205 10408
1198 10408
1198 10407
1211 10407
1211 10405
1209 10405
1209 10404
1218 10404
1218 10402
1204 10402
1204 10401
1209 10401
1209 10399
1203 10399
1203 10398
1222 10398
1222 10396
1202 10396
1202 10395
1203 10395
1203 10393
1186 10393
1186 10392
1191 10392
1191 10390
1183 10390
1183 10389
1194 10389
1194 10387
1181 10387
1181 10386
1201 10386
1201 10384
1186 10384
1186 10383
1187 10383
1187 10381
1173 10381
1173 10380
1182 10380
1182 10378
1174 10378
1174 10377
1177 10377
1177 10375
1175 10375
1175 10374
1178 10374
1178 10372
1165 10372
1165 10371
1182 10371
1182 10369
1166 10369
1166 10368
1167 10368
1167 10366
1154 10366
1154 10365
1165 10365
1165 10363
1149 10363
1149 10362
1161 10362
1161 10360
1157 10360
1157 10359
1175 10359
1175 10357
1155 10357
1155 10356
1172 10356
1172 10354
1158 10354
1158 10353
1175 10353
1175 10351
1168 10351
1168 10350
1181 10350
1181 10348
1164 10348
1164 10347
1180 10347
1180 10345
1171 10345
1171 10344
1175 10344
1175 10342
1169 10342
1169 10341
1171 10341
1171 10339
1155 10339
1155 10338
1156 10338
1156 10336
1154 10336
1154 10335
1163 10335
1163 10333
1162 10333
1162 10332
1163 10332
1163 10330
1159 10330
1159 10329
1161 10329
1161 10327
1157 10327
1157 10326
1173 10326
1173 10324
1163 10324
1163 10323
1182 10323
1182 10321
1174 10321
1174 10320
1189 10320
1189 10318
1179 10318
1179 10317
1195 10317
1195 10315
1189 10315
1189 10314
1194 10314
1194 10312
1189 10312
1189 10311
1194 10311
1194 10309
1181 10309
1181 10308
1199 10308
1199 10306
1198 10306
1198 10305
1218 10305
1218 10303
1216 10303
1216 10302
1225 10302
1225 10300
1210 10300
1210 10299
1220 10299
1220 10297
1215 10297
1215 10296
1227 10296
1227 10294
1224 10294
1224 10293
1244 10293
1244 10291
1240 10291
1240 10290
1257 10290
1257 10288
1237 10288
1237 10287
1242 10287
1242 10285
1225 10285
1225 10284
1228 10284
1228 10282
1210 10282
1210 10281
1222 10281
1222 10279
1211 10279
1211 10278
1219 10278
1219 10276
1216 10276
1216 10275
1226 10275
1226 10273
1224 10273
1224 10272
1236 10272
1236 10270
1231 10270
1231 10269
1238 10269
1238 10267
1222 10267
1222 10266
1223 10266
1223 10264
1220 10264
1220 10263
1228 10263
1228 10261
1210 10261
1210 10260
1225 10260
1225 10258
1206 10258
1206 10257
1217 10257
1217 10255
1202 10255
1202 10254
1207 10254
1207 10252
1194 10252
1194 10251
1213 10251
1213 10249
1196 10249
1196 10248
1211 10248
1211 10246
1201 10246
1201 10245
1213 10245
1213 10243
1210 10243
1210 10242
1212 10242
1212 10240
1196 10240
1196 10239
1208 10239
1208 10237
1204 10237
1204 10236
1218 10236
1218 10234
1215 10234
1215 10233
1221 10233
1221 10231
1220 10231
1220 10230
1225 10230
1225 10228
1209 10228
1209 10227
1223 10227
1223 10225
1215 10225
1215 10224
1227 10224
1227 10222
1215 10222
1215 10221
1230 10221
1230 10219
1225 10219
1225 10218
1239 10218
1239 10216
1224 10216
1224 10215
1226 10215
1226 10213
1218 10213
1218 10212
1223 10212
1223 10210
1218 10210
1218 10209
1220 10209
1220 10207
1218 10207
1218 10206
1235 10206
1235 10204
1222 10204
1222 10203
1232 10203
1232 10201
1229 10201
1229 10200
1243 10200
1243 10198
1242 10198
1242 10197
1248 10197
1248 10195
1233 10195
1233 10194
1250 10194
1250 10192
1241 10192
1241 10191
1252 10191
1252 10189
1242 10189
1242 10188
1245 10188
1245 10186
1229 10186
1229 10185
1231 10185
1231 10183
1211 10183
1211 10182
1214 10182
1214 10180
1207 10180
1207 10179
1214 10179
1214 10177
1207 10177
1207 10176
1225 10176
1225 10174
1211 10174
1211 10173
1222 10173
1222 10171
1211 10171
1211 10170
1219 10170
1219 10168
1215 10168
1215 10167
1233 10167
1233 10165
1221 10165
1221 10164
1229 10164
1229 10162
1218 10162
1218 10161
1223 10161
1223 10159
1219 10159
1219 10158
1222 10158
1222 10156
1208 10156
1208 10155
1227 10155
1227 10153
1218 10153
1218 10152
1233 10152
1233 10150
1217 10150
1217 10149
1220 10149
1220 10147
1209 10147
1209 10146
1213 10146
1213 10144
1200 10144
1200 10143
1212 10143
1212 10141
1206 10141
1206 10140
1207 10140
1207 10138
1202 10138
1202 10137
1207 10137
1207 10135
1192 10135
1192 10134
1203 10134
1203 10132
1199 10132
1199 10131
1200 10131
1200 10129
1192 10129
1192 10128
1209 10128
1209 10126
1206 10126
1206 10125
1224 10125
1224 10123
1208 10123
1208 10122
1227 10122
1227 10120
1220 10120
1220 10119
1239 10119
1239 10117
1233 10117
1233 10116
1242 10116
1242 10114
1238 10114
1238 10113
1240 10113
1240 10111
1236 10111
1236 10110
1253 10110
1253 10108
1233 10108
1233 10107
1245 10107
1245 10105
1234 10105
1234 10104
1241 10104
1241 10102
1227 10102
1227 10101
1240 10101
1240 10099
1230 10099
1230 10098
1249 10098
1249 10096
1245 10096
1245 10095
1252 10095
1252 10093
1241 10093
1241 10092
1261 10092
1261 10090
1257 10090
1257 10089
1262 10089
1262 10087
1252 10087
1252 10086
1259 10086
1259 10084
1241 10084
1241 10083
1258 10083
1258 10081
1255 10081
1255 10080
1267 10080
1267 10078
1261 10078
1261 10077
1271 10077
1271 10075
1261 10075
1261 10074
1265 10074
1265 10072
1257 10072
1257 10071
1265 10071
1265 10069
1252 10069
1252 10068
1263 10068
1263 10066
1254 10066
1254 10065
1270 10065
1270 10063
1250 10063
1250 10062
1270 10062
1270 10060
1263 10060
1263 10059
1273 10059
1273 10057
1267 10057
1267 10056
1279 10056
1279 10054
1264 10054
1264 10053
1271 10053
1271 10051
1269 10051
1269 10050
1287 10050
1287 10048
1274 10048
1274 10047
1286 10047
1286 10045
1276 10045
1276 10044
1292 10044
1292 10042
1283 10042
1283 10041
1302 10041
1302 10039
1288 10039
1288 10038
1294 10038
1294 10036
1286 10036
1286 10035
1294 10035
1294 10033
1285 10033
1285 10032
1298 10032
1298 10030
1281 10030
1281 10029
1300 10029
1300 10027
1283 10027
1283 10026
1288 10026
1288 10024
1282 10024
1282 10023
203 10023
203 10027
201 10027
201 10033
198 10033
198 10038
197 10038
197 10040
195 10040
195 10042
191 10042
191 10043
187 10043
187 10047
182 10047
182 10054
177 10054
177 10056
170 10056
170 10060
169 10060
169 10061
163 10061
163 10066
162 10066
162 10068
159 10068
159 10071
153 10071
153 10076
149 10076
149 10081
148 10081
148 10086
145 10086
145 10087
143 10087
143 10088
136 10088
136 10090
133 10090
133 10093
131 10093
131 10097
125 10097
125 10101
122 10101
122 10102
117 10102
117 10104
112 10104
112 10109
110 10109
110 10110
103 10110
103 10117
101 10117
101 10118
98 10118
98 10124
93 10124
93 10128
90 10128
90 10133
88 10133
88 10138
85 10138
85 10139
80 10139
80 10141
78 10141
78 10146
75 10146
75 10147
74 10147
74 10153
70 10153
70 10156
63 10156
63 10162
58 10162
58 10164
56 10164
56 10168
54 10168
54 10169
50 10169
50 10172
49 10172
49 10176
48 10176
48 10181
43 10181
43 10184
36 10184
36 10190
31 10190
31 10192
26 10192
26 10195
24 10195
24 10199
19 10199
19 10203
16 10203
16 10209
14 10209
14 10215
8 10215
8 10221
5 10221
5 10224
-2 10224
-2 10228
-7 10228
-7 10229
-11 10229
-11 10235
-13 10235
-13 10238
-15 10238
-15 10240
-22 10240
-22 10246
-25 10246
-25 10251
-28 10251
-28 10258
-32 10258
-32 10263
-39 10263
-39 10268
-45 10268
-45 10273
-51 10273
-51 10274
-52 10274
-52 10280
-57 10280
-57 10286
-61 10286
-61 10293
-68 10293
-68 10295
-69 10295
-69 10299
-71 10299
-71 10303
-73 10303
-73 10306
-77 10306
-77 10307
-80 10307
-80 10311
-84 10311
-84 10316
-90 10316
-90 10320
-92 10320
-92 10322
-93 10322
-93 10329
-98 10329
-98 10334
-102 10334
-102 10337
-107 10337
-107 10339
-108 10339
-108 10341
-113 10341
-113 10344
-119 10344
-119 10348
-123 10348
-123 10354
-128 10354
-128 10357
-129 10357
-129 10361
-133 10361
-133 10365
-137 10365
-137 10371
-142 10371
-142 10377
-143 10377
-143 10380
-145 10380
-145 10382
-150 10382
-150 10383
-151 10383
